1, 1, 0, 0, 0.0, 0.0, 1.0
2, 1, 0, 0, 0.0, 0.0, 1.0
3, 1, 0, 1, 0.0, 0.3333333333333333, 0.6666666666666667
4, 1, 0, 2, 0.0, 0.5, 0.5
5, 1, 0, 3, 0.0, 0.6, 0.4
6, 1, 0, 4, 0.0, 0.6666666666666666, 0.33333333333333337
7, 1, 0, 5, 0.0, 0.7142857142857143, 0.2857142857142857
8, 1, 0, 6, 0.0, 0.75, 0.25
9, 1, 0, 7, 0.0, 0.7777777777777778, 0.2222222222222222
10, 1, 0, 7, 0.0, 0.7, 0.30000000000000004
11, 1, 0, 7, 0.0, 0.6363636363636364, 0.36363636363636365
12, 1, 0, 8, 0.0, 0.6666666666666666, 0.33333333333333337
13, 1, 0, 8, 0.0, 0.6153846153846154, 0.3846153846153846
14, 1, 0, 8, 0.0, 0.5714285714285714, 0.4285714285714286
15, 1, 0, 9, 0.0, 0.6, 0.4
1, 1, 0, 0, 0.0, 0.0, 1.0
2, 1, 0, 0, 0.0, 0.0, 1.0
3, 1, 0, 1, 0.0, 0.3333333333333333, 0.6666666666666667
4, 1, 0, 2, 0.0, 0.5, 0.5
5, 1, 0, 3, 0.0, 0.6, 0.4
6, 1, 0, 4, 0.0, 0.6666666666666666, 0.33333333333333337
7, 1, 0, 5, 0.0, 0.7142857142857143, 0.2857142857142857
8, 1, 0, 6, 0.0, 0.75, 0.25
9, 1, 0, 6, 0.0, 0.6666666666666666, 0.33333333333333337
10, 1, 0, 7, 0.0, 0.7, 0.30000000000000004
11, 1, 0, 8, 0.0, 0.7272727272727273, 0.2727272727272727
12, 1, 0, 9, 0.0, 0.75, 0.25
13, 1, 0, 10, 0.0, 0.7692307692307693, 0.23076923076923073
14, 1, 0, 11, 0.0, 0.7857142857142857, 0.2142857142857143
15, 1, 0, 12, 0.0, 0.8, 0.19999999999999996
16, 1, 0, 13, 0.0, 0.8125, 0.1875
17, 1, 0, 14, 0.0, 0.8235294117647058, 0.17647058823529416
18, 1, 0, 15, 0.0, 0.8333333333333334, 0.16666666666666663
19, 1, 0, 16, 0.0, 0.8421052631578947, 0.1578947368421053
20, 1, 0, 17, 0.0, 0.85, 0.15000000000000002
21, 1, 0, 18, 0.0, 0.8571428571428571, 0.1428571428571429
22, 1, 0, 19, 0.0, 0.8636363636363636, 0.13636363636363635
23, 1, 0, 20, 0.0, 0.8695652173913043, 0.13043478260869568
24, 1, 0, 21, 0.0, 0.875, 0.125
25, 1, 0, 22, 0.0, 0.88, 0.12
26, 1, 0, 23, 0.0, 0.8846153846153846, 0.11538461538461542
1, 1, 0, 0, 0.0, 0.0, 1.0
2, 1, 0, 0, 0.0, 0.0, 1.0
3, 1, 0, 0, 0.0, 0.0, 1.0
4, 1, 0, 0, 0.0, 0.0, 1.0
5, 1, 0, 0, 0.0, 0.0, 1.0
6, 1, 0, 0, 0.0, 0.0, 1.0
7, 1, 0, 0, 0.0, 0.0, 1.0
8, 1, 0, 0, 0.0, 0.0, 1.0
9, 1, 0, 1, 0.0, 0.1111111111111111, 0.8888888888888888
10, 1, 0, 2, 0.0, 0.2, 0.8
11, 1, 0, 3, 0.0, 0.2727272727272727, 0.7272727272727273
12, 1, 0, 4, 0.0, 0.3333333333333333, 0.6666666666666667
13, 1, 0, 5, 0.0, 0.38461538461538464, 0.6153846153846154
14, 1, 0, 6, 0.0, 0.42857142857142855, 0.5714285714285714
15, 1, 0, 6, 0.0, 0.4, 0.6
16, 1, 0, 7, 0.0, 0.4375, 0.5625
17, 1, 0, 7, 0.0, 0.4117647058823529, 0.5882352941176471
18, 1, 0, 7, 0.0, 0.3888888888888889, 0.6111111111111112
19, 1, 0, 8, 0.0, 0.42105263157894735, 0.5789473684210527
20, 1, 0, 9, 0.0, 0.45, 0.55
21, 1, 0, 10, 0.0, 0.47619047619047616, 0.5238095238095238
22, 1, 0, 11, 0.0, 0.5, 0.5
23, 1, 0, 12, 0.0, 0.5217391304347826, 0.4782608695652174
24, 1, 0, 13, 0.0, 0.5416666666666666, 0.45833333333333337
25, 1, 0, 14, 0.0, 0.56, 0.43999999999999995
26, 1, 0, 15, 0.0, 0.5769230769230769, 0.42307692307692313
27, 1, 0, 16, 0.0, 0.5925925925925926, 0.40740740740740744
28, 1, 0, 17, 0.0, 0.6071428571428571, 0.3928571428571429
29, 1, 0, 18, 0.0, 0.6206896551724138, 0.3793103448275862
30, 1, 0, 19, 0.0, 0.6333333333333333, 0.3666666666666667
31, 1, 0, 20, 0.0, 0.6451612903225806, 0.3548387096774194
32, 1, 0, 20, 0.0, 0.625, 0.375
33, 1, 0, 21, 0.0, 0.6363636363636364, 0.36363636363636365
34, 1, 0, 22, 0.0, 0.6470588235294118, 0.3529411764705882
35, 1, 0, 23, 0.0, 0.6571428571428571, 0.34285714285714286
36, 1, 0, 24, 0.0, 0.6666666666666666, 0.33333333333333337
37, 1, 0, 25, 0.0, 0.6756756756756757, 0.32432432432432434
38, 1, 0, 26, 0.0, 0.6842105263157895, 0.3157894736842105
39, 1, 0, 26, 0.0, 0.6666666666666666, 0.33333333333333337
40, 1, 0, 26, 0.0, 0.65, 0.35
41, 1, 0, 27, 0.0, 0.6585365853658537, 0.3414634146341463
42, 1, 0, 27, 0.0, 0.6428571428571429, 0.3571428571428571
43, 1, 0, 27, 0.0, 0.627906976744186, 0.37209302325581395
44, 1, 0, 28, 0.0, 0.6363636363636364, 0.36363636363636365
45, 1, 0, 29, 0.0, 0.6444444444444445, 0.3555555555555555
1, 1, 0, 0, 0.0, 0.0, 1.0
2, 1, 0, 1, 0.0, 0.5, 0.5
3, 1, 0, 1, 0.0, 0.3333333333333333, 0.6666666666666667
4, 1, 0, 2, 0.0, 0.5, 0.5
5, 1, 0, 3, 0.0, 0.6, 0.4
6, 1, 0, 4, 0.0, 0.6666666666666666, 0.33333333333333337
7, 1, 0, 5, 0.0, 0.7142857142857143, 0.2857142857142857
8, 1, 0, 6, 0.0, 0.75, 0.25
9, 1, 0, 7, 0.0, 0.7777777777777778, 0.2222222222222222
10, 1, 0, 8, 0.0, 0.8, 0.19999999999999996
11, 1, 0, 8, 0.0, 0.7272727272727273, 0.2727272727272727
12, 1, 0, 8, 0.0, 0.6666666666666666, 0.33333333333333337
13, 1, 0, 8, 0.0, 0.6153846153846154, 0.3846153846153846
14, 1, 0, 9, 0.0, 0.6428571428571429, 0.3571428571428571
15, 1, 0, 9, 0.0, 0.6, 0.4
16, 1, 0, 9, 0.0, 0.5625, 0.4375
17, 1, 0, 9, 0.0, 0.5294117647058824, 0.47058823529411764
18, 1, 0, 10, 0.0, 0.5555555555555556, 0.4444444444444444
19, 1, 0, 11, 0.0, 0.5789473684210527, 0.42105263157894735
20, 1, 0, 12, 0.0, 0.6, 0.4
21, 1, 0, 12, 0.0, 0.5714285714285714, 0.4285714285714286
22, 1, 0, 13, 0.0, 0.5909090909090909, 0.40909090909090906
23, 1, 0, 14, 0.0, 0.6086956521739131, 0.3913043478260869
24, 1, 0, 15, 0.0, 0.625, 0.375
25, 1, 0, 15, 0.0, 0.6, 0.4
26, 1, 0, 15, 0.0, 0.5769230769230769, 0.42307692307692313
27, 1, 0, 16, 0.0, 0.5925925925925926, 0.40740740740740744
28, 1, 0, 17, 0.0, 0.6071428571428571, 0.3928571428571429
29, 1, 0, 18, 0.0, 0.6206896551724138, 0.3793103448275862
30, 1, 0, 19, 0.0, 0.6333333333333333, 0.3666666666666667
31, 1, 0, 20, 0.0, 0.6451612903225806, 0.3548387096774194
32, 1, 0, 21, 0.0, 0.65625, 0.34375
33, 1, 0, 22, 0.0, 0.6666666666666666, 0.33333333333333337
34, 1, 0, 22, 0.0, 0.6470588235294118, 0.3529411764705882
35, 1, 0, 23, 0.0, 0.6571428571428571, 0.34285714285714286
36, 1, 0, 24, 0.0, 0.6666666666666666, 0.33333333333333337
37, 1, 0, 25, 0.0, 0.6756756756756757, 0.32432432432432434
38, 1, 0, 26, 0.0, 0.6842105263157895, 0.3157894736842105
39, 1, 0, 27, 0.0, 0.6923076923076923, 0.3076923076923077
40, 1, 0, 28, 0.0, 0.7, 0.30000000000000004
41, 1, 0, 29, 0.0, 0.7073170731707317, 0.29268292682926833
42, 1, 0, 30, 0.0, 0.7142857142857143, 0.2857142857142857
43, 1, 0, 31, 0.0, 0.7209302325581395, 0.2790697674418605
44, 1, 0, 32, 0.0, 0.7272727272727273, 0.2727272727272727
45, 1, 0, 32, 0.0, 0.7111111111111111, 0.28888888888888886
46, 1, 0, 32, 0.0, 0.6956521739130435, 0.30434782608695654
47, 1, 0, 32, 0.0, 0.6808510638297872, 0.3191489361702128
48, 1, 0, 33, 0.0, 0.6875, 0.3125
49, 1, 0, 34, 0.0, 0.6938775510204082, 0.30612244897959184
50, 1, 0, 34, 0.0, 0.68, 0.31999999999999995
51, 1, 0, 34, 0.0, 0.6666666666666666, 0.33333333333333337
52, 1, 0, 34, 0.0, 0.6538461538461539, 0.34615384615384615
53, 1, 0, 34, 0.0, 0.6415094339622641, 0.3584905660377359
54, 1, 0, 35, 0.0, 0.6481481481481481, 0.35185185185185186
55, 1, 0, 36, 0.0, 0.6545454545454545, 0.34545454545454546
56, 1, 0, 37, 0.0, 0.6607142857142857, 0.3392857142857143
57, 1, 0, 38, 0.0, 0.6666666666666666, 0.33333333333333337
58, 1, 0, 39, 0.0, 0.6724137931034483, 0.3275862068965517
59, 1, 0, 40, 0.0, 0.6779661016949152, 0.3220338983050848
60, 1, 0, 40, 0.0, 0.6666666666666666, 0.33333333333333337
61, 1, 0, 40, 0.0, 0.6557377049180327, 0.34426229508196726
62, 1, 0, 41, 0.0, 0.6612903225806451, 0.33870967741935487
1, 1, 0, 1, 0.0, 1.0, 0.0
2, 1, 0, 2, 0.0, 1.0, 0.0
3, 1, 0, 3, 0.0, 1.0, 0.0
4, 1, 0, 4, 0.0, 1.0, 0.0
5, 1, 0, 4, 0.0, 0.8, 0.19999999999999996
6, 1, 0, 4, 0.0, 0.6666666666666666, 0.33333333333333337
7, 1, 0, 4, 0.0, 0.5714285714285714, 0.4285714285714286
8, 1, 0, 5, 0.0, 0.625, 0.375
9, 1, 0, 6, 0.0, 0.6666666666666666, 0.33333333333333337
10, 1, 0, 7, 0.0, 0.7, 0.30000000000000004
11, 1, 0, 8, 0.0, 0.7272727272727273, 0.2727272727272727
12, 1, 0, 9, 0.0, 0.75, 0.25
13, 1, 0, 9, 0.0, 0.6923076923076923, 0.3076923076923077
14, 1, 0, 9, 0.0, 0.6428571428571429, 0.3571428571428571
15, 1, 0, 10, 0.0, 0.6666666666666666, 0.33333333333333337
16, 1, 0, 10, 0.0, 0.625, 0.375
17, 1, 0, 10, 0.0, 0.5882352941176471, 0.4117647058823529
18, 1, 0, 11, 0.0, 0.6111111111111112, 0.38888888888888884
19, 1, 0, 12, 0.0, 0.631578947368421, 0.368421052631579
20, 1, 0, 13, 0.0, 0.65, 0.35
21, 1, 0, 14, 0.0, 0.6666666666666666, 0.33333333333333337
22, 1, 0, 15, 0.0, 0.6818181818181818, 0.31818181818181823
23, 1, 0, 16, 0.0, 0.6956521739130435, 0.30434782608695654
24, 1, 0, 17, 0.0, 0.7083333333333334, 0.29166666666666663
25, 1, 0, 18, 0.0, 0.72, 0.28
26, 1, 0, 19, 0.0, 0.7307692307692307, 0.2692307692307693
27, 1, 0, 20, 0.0, 0.7407407407407407, 0.2592592592592593
28, 1, 0, 21, 0.0, 0.75, 0.25
29, 1, 0, 22, 0.0, 0.7586206896551724, 0.24137931034482762
30, 1, 0, 22, 0.0, 0.7333333333333333, 0.2666666666666667
31, 1, 0, 22, 0.0, 0.7096774193548387, 0.29032258064516125
32, 1, 0, 23, 0.0, 0.71875, 0.28125
33, 1, 0, 24, 0.0, 0.7272727272727273, 0.2727272727272727
34, 1, 0, 25, 0.0, 0.7352941176470589, 0.2647058823529411
35, 1, 0, 26, 0.0, 0.7428571428571429, 0.2571428571428571
36, 1, 0, 27, 0.0, 0.75, 0.25
37, 1, 0, 27, 0.0, 0.7297297297297297, 0.2702702702702703
38, 1, 0, 27, 0.0, 0.7105263157894737, 0.2894736842105263
39, 1, 0, 27, 0.0, 0.6923076923076923, 0.3076923076923077
40, 1, 0, 27, 0.0, 0.675, 0.32499999999999996
41, 1, 0, 27, 0.0, 0.6585365853658537, 0.3414634146341463
42, 1, 0, 27, 0.0, 0.6428571428571429, 0.3571428571428571
43, 1, 0, 27, 0.0, 0.627906976744186, 0.37209302325581395
44, 1, 0, 28, 0.0, 0.6363636363636364, 0.36363636363636365
45, 1, 0, 29, 0.0, 0.6444444444444445, 0.3555555555555555
46, 1, 0, 30, 0.0, 0.6521739130434783, 0.34782608695652173
47, 1, 0, 31, 0.0, 0.6595744680851063, 0.34042553191489366
48, 1, 0, 32, 0.0, 0.6666666666666666, 0.33333333333333337
49, 1, 0, 32, 0.0, 0.6530612244897959, 0.34693877551020413
50, 1, 0, 33, 0.0, 0.66, 0.33999999999999997
51, 1, 0, 33, 0.0, 0.6470588235294118, 0.3529411764705882
52, 1, 0, 34, 0.0, 0.6538461538461539, 0.34615384615384615
53, 1, 0, 35, 0.0, 0.660377358490566, 0.339622641509434
54, 1, 0, 36, 0.0, 0.6666666666666666, 0.33333333333333337
1, 1, 0, 0, 0.0, 0.0, 1.0
2, 1, 0, 0, 0.0, 0.0, 1.0
3, 1, 0, 0, 0.0, 0.0, 1.0
4, 1, 0, 0, 0.0, 0.0, 1.0
5, 1, 0, 1, 0.0, 0.2, 0.8
6, 1, 0, 2, 0.0, 0.3333333333333333, 0.6666666666666667
7, 1, 0, 3, 0.0, 0.42857142857142855, 0.5714285714285714
8, 1, 0, 4, 0.0, 0.5, 0.5
9, 1, 0, 5, 0.0, 0.5555555555555556, 0.4444444444444444
10, 1, 0, 6, 0.0, 0.6, 0.4
11, 1, 0, 7, 0.0, 0.6363636363636364, 0.36363636363636365
12, 1, 0, 8, 0.0, 0.6666666666666666, 0.33333333333333337
13, 1, 0, 9, 0.0, 0.6923076923076923, 0.3076923076923077
14, 1, 0, 10, 0.0, 0.7142857142857143, 0.2857142857142857
15, 1, 0, 10, 0.0, 0.6666666666666666, 0.33333333333333337
16, 1, 0, 11, 0.0, 0.6875, 0.3125
17, 1, 0, 12, 0.0, 0.7058823529411765, 0.2941176470588235
18, 1, 0, 13, 0.0, 0.7222222222222222, 0.2777777777777778
19, 1, 0, 13, 0.0, 0.6842105263157895, 0.3157894736842105
20, 1, 0, 13, 0.0, 0.65, 0.35
21, 1, 0, 13, 0.0, 0.6190476190476191, 0.38095238095238093
22, 1, 0, 14, 0.0, 0.6363636363636364, 0.36363636363636365
23, 1, 0, 15, 0.0, 0.6521739130434783, 0.34782608695652173
24, 1, 0, 16, 0.0, 0.6666666666666666, 0.33333333333333337
25, 1, 0, 17, 0.0, 0.68, 0.31999999999999995
26, 1, 0, 18, 0.0, 0.6923076923076923, 0.3076923076923077
27, 1, 0, 19, 0.0, 0.7037037037037037, 0.2962962962962963
28, 1, 0, 20, 0.0, 0.7142857142857143, 0.2857142857142857
29, 1, 0, 21, 0.0, 0.7241379310344828, 0.27586206896551724
30, 1, 0, 22, 0.0, 0.7333333333333333, 0.2666666666666667
31, 1, 0, 23, 0.0, 0.7419354838709677, 0.25806451612903225
32, 1, 0, 24, 0.0, 0.75, 0.25
33, 1, 0, 25, 0.0, 0.7575757575757576, 0.24242424242424243
34, 1, 0, 26, 0.0, 0.7647058823529411, 0.23529411764705888
35, 1, 0, 27, 0.0, 0.7714285714285715, 0.22857142857142854
36, 1, 0, 28, 0.0, 0.7777777777777778, 0.2222222222222222
37, 1, 0, 29, 0.0, 0.7837837837837838, 0.21621621621621623
38, 1, 0, 29, 0.0, 0.7631578947368421, 0.23684210526315785
39, 1, 0, 30, 0.0, 0.7692307692307693, 0.23076923076923073
40, 1, 0, 31, 0.0, 0.775, 0.22499999999999998
41, 1, 0, 32, 0.0, 0.7804878048780488, 0.2195121951219512
42, 1, 0, 33, 0.0, 0.7857142857142857, 0.2142857142857143
43, 1, 0, 34, 0.0, 0.7906976744186046, 0.2093023255813954
44, 1, 0, 35, 0.0, 0.7954545454545454, 0.20454545454545459
45, 1, 0, 35, 0.0, 0.7777777777777778, 0.2222222222222222
46, 1, 0, 36, 0.0, 0.782608695652174, 0.21739130434782605
47, 1, 0, 37, 0.0, 0.7872340425531915, 0.21276595744680848
48, 1, 0, 38, 0.0, 0.7916666666666666, 0.20833333333333337
49, 1, 0, 39, 0.0, 0.7959183673469388, 0.20408163265306123
50, 1, 0, 39, 0.0, 0.78, 0.21999999999999997
51, 1, 0, 40, 0.0, 0.7843137254901961, 0.21568627450980393
52, 1, 0, 41, 0.0, 0.7884615384615384, 0.21153846153846156
53, 1, 0, 42, 0.0, 0.7924528301886793, 0.2075471698113207
54, 1, 0, 43, 0.0, 0.7962962962962963, 0.20370370370370372
55, 1, 0, 44, 0.0, 0.8, 0.19999999999999996
56, 1, 0, 45, 0.0, 0.8035714285714286, 0.1964285714285714
57, 1, 0, 46, 0.0, 0.8070175438596491, 0.19298245614035092
58, 1, 0, 47, 0.0, 0.8103448275862069, 0.18965517241379315
59, 1, 0, 48, 0.0, 0.8135593220338984, 0.18644067796610164
60, 1, 0, 48, 0.0, 0.8, 0.19999999999999996
61, 1, 0, 49, 0.0, 0.8032786885245902, 0.19672131147540983
62, 1, 0, 50, 0.0, 0.8064516129032258, 0.19354838709677424
63, 1, 0, 50, 0.0, 0.7936507936507936, 0.2063492063492064
64, 1, 0, 51, 0.0, 0.796875, 0.203125
65, 1, 0, 51, 0.0, 0.7846153846153846, 0.2153846153846154
66, 1, 0, 52, 0.0, 0.7878787878787878, 0.21212121212121215
67, 1, 0, 53, 0.0, 0.7910447761194029, 0.20895522388059706
68, 1, 0, 54, 0.0, 0.7941176470588235, 0.20588235294117652
69, 1, 0, 55, 0.0, 0.7971014492753623, 0.2028985507246377
70, 1, 0, 55, 0.0, 0.7857142857142857, 0.2142857142857143
71, 1, 0, 56, 0.0, 0.7887323943661971, 0.21126760563380287
72, 1, 0, 57, 0.0, 0.7916666666666666, 0.20833333333333337
73, 1, 0, 57, 0.0, 0.7808219178082192, 0.2191780821917808
74, 1, 0, 58, 0.0, 0.7837837837837838, 0.21621621621621623
75, 1, 0, 59, 0.0, 0.7866666666666666, 0.21333333333333337
76, 1, 0, 59, 0.0, 0.7763157894736842, 0.22368421052631582
77, 1, 0, 60, 0.0, 0.7792207792207793, 0.22077922077922074
78, 1, 0, 60, 0.0, 0.7692307692307693, 0.23076923076923073
79, 1, 0, 60, 0.0, 0.759493670886076, 0.240506329113924
80, 1, 0, 61, 0.0, 0.7625, 0.23750000000000004
81, 1, 0, 62, 0.0, 0.7654320987654321, 0.23456790123456794
82, 1, 0, 62, 0.0, 0.7560975609756098, 0.24390243902439024
83, 1, 0, 63, 0.0, 0.7590361445783133, 0.24096385542168675
84, 1, 0, 64, 0.0, 0.7619047619047619, 0.23809523809523814
85, 1, 0, 65, 0.0, 0.7647058823529411, 0.23529411764705888
86, 1, 0, 65, 0.0, 0.7558139534883721, 0.2441860465116279
87, 1, 0, 65, 0.0, 0.7471264367816092, 0.25287356321839083
88, 1, 0, 66, 0.0, 0.75, 0.25
89, 1, 0, 67, 0.0, 0.7528089887640449, 0.2471910112359551
90, 1, 0, 68, 0.0, 0.7555555555555555, 0.24444444444444446
91, 1, 0, 69, 0.0, 0.7582417582417582, 0.2417582417582418
92, 1, 0, 70, 0.0, 0.7608695652173914, 0.23913043478260865
93, 1, 0, 70, 0.0, 0.7526881720430108, 0.24731182795698925
94, 1, 0, 71, 0.0, 0.7553191489361702, 0.24468085106382975
95, 1, 0, 71, 0.0, 0.7473684210526316, 0.25263157894736843
96, 1, 0, 71, 0.0, 0.7395833333333334, 0.26041666666666663
97, 1, 0, 71, 0.0, 0.7319587628865979, 0.2680412371134021
98, 1, 0, 71, 0.0, 0.7244897959183674, 0.2755102040816326
99, 1, 0, 72, 0.0, 0.7272727272727273, 0.2727272727272727
100, 1, 0, 73, 0.0, 0.73, 0.27
101, 1, 0, 74, 0.0, 0.7326732673267327, 0.26732673267326734
102, 1, 0, 75, 0.0, 0.7352941176470589, 0.2647058823529411
103, 1, 0, 76, 0.0, 0.7378640776699029, 0.2621359223300971
104, 1, 0, 76, 0.0, 0.7307692307692307, 0.2692307692307693
105, 1, 0, 76, 0.0, 0.7238095238095238, 0.2761904761904762
106, 1, 0, 76, 0.0, 0.7169811320754716, 0.28301886792452835
107, 1, 0, 76, 0.0, 0.7102803738317757, 0.28971962616822433
108, 1, 0, 77, 0.0, 0.7129629629629629, 0.2870370370370371
109, 1, 0, 78, 0.0, 0.7155963302752294, 0.2844036697247706
110, 1, 0, 79, 0.0, 0.7181818181818181, 0.28181818181818186
111, 1, 0, 80, 0.0, 0.7207207207207207, 0.2792792792792793
112, 1, 0, 81, 0.0, 0.7232142857142857, 0.2767857142857143
113, 1, 0, 82, 0.0, 0.7256637168141593, 0.2743362831858407
114, 1, 0, 83, 0.0, 0.7280701754385965, 0.27192982456140347
115, 1, 0, 84, 0.0, 0.7304347826086957, 0.26956521739130435
116, 1, 0, 85, 0.0, 0.7327586206896551, 0.26724137931034486
117, 1, 0, 86, 0.0, 0.7350427350427351, 0.2649572649572649
118, 1, 0, 87, 0.0, 0.7372881355932204, 0.2627118644067796
119, 1, 0, 88, 0.0, 0.7394957983193278, 0.26050420168067223
120, 1, 0, 89, 0.0, 0.7416666666666667, 0.2583333333333333
121, 1, 0, 90, 0.0, 0.743801652892562, 0.25619834710743805
122, 1, 0, 91, 0.0, 0.7459016393442623, 0.25409836065573765
123, 1, 0, 92, 0.0, 0.7479674796747967, 0.2520325203252033
124, 1, 0, 93, 0.0, 0.75, 0.25
125, 1, 0, 94, 0.0, 0.752, 0.248
126, 1, 0, 95, 0.0, 0.753968253968254, 0.24603174603174605
127, 1, 0, 96, 0.0, 0.7559055118110236, 0.2440944881889764
128, 1, 0, 97, 0.0, 0.7578125, 0.2421875
129, 1, 0, 97, 0.0, 0.751937984496124, 0.24806201550387597
130, 1, 0, 98, 0.0, 0.7538461538461538, 0.24615384615384617
131, 1, 0, 99, 0.0, 0.7557251908396947, 0.2442748091603053
132, 1, 0, 100, 0.0, 0.7575757575757576, 0.24242424242424243
133, 1, 0, 101, 0.0, 0.7593984962406015, 0.24060150375939848
134, 1, 0, 102, 0.0, 0.7611940298507462, 0.23880597014925375
135, 1, 0, 102, 0.0, 0.7555555555555555, 0.24444444444444446
136, 1, 0, 102, 0.0, 0.75, 0.25
137, 1, 0, 103, 0.0, 0.7518248175182481, 0.24817518248175185
138, 1, 0, 104, 0.0, 0.7536231884057971, 0.24637681159420288
139, 1, 0, 105, 0.0, 0.7553956834532374, 0.24460431654676262
140, 1, 0, 105, 0.0, 0.75, 0.25
141, 1, 0, 105, 0.0, 0.7446808510638298, 0.25531914893617025
142, 1, 0, 106, 0.0, 0.7464788732394366, 0.2535211267605634
143, 1, 0, 107, 0.0, 0.7482517482517482, 0.2517482517482518
144, 1, 0, 108, 0.0, 0.75, 0.25
145, 1, 0, 109, 0.0, 0.7517241379310344, 0.24827586206896557
146, 1, 0, 110, 0.0, 0.7534246575342466, 0.2465753424657534
147, 1, 0, 111, 0.0, 0.7551020408163265, 0.24489795918367352
148, 1, 0, 112, 0.0, 0.7567567567567568, 0.2432432432432432
149, 1, 0, 113, 0.0, 0.7583892617449665, 0.24161073825503354
150, 1, 0, 114, 0.0, 0.76, 0.24
151, 1, 0, 115, 0.0, 0.7615894039735099, 0.23841059602649006
152, 1, 0, 116, 0.0, 0.7631578947368421, 0.23684210526315785
153, 1, 0, 117, 0.0, 0.7647058823529411, 0.23529411764705888
154, 1, 0, 118, 0.0, 0.7662337662337663, 0.23376623376623373
155, 1, 0, 119, 0.0, 0.7677419354838709, 0.23225806451612907
156, 1, 0, 120, 0.0, 0.7692307692307693, 0.23076923076923073
157, 1, 0, 121, 0.0, 0.7707006369426752, 0.2292993630573248
158, 1, 0, 122, 0.0, 0.7721518987341772, 0.22784810126582278
159, 1, 0, 122, 0.0, 0.7672955974842768, 0.23270440251572322
160, 1, 0, 123, 0.0, 0.76875, 0.23124999999999996
161, 1, 0, 124, 0.0, 0.7701863354037267, 0.22981366459627328
162, 1, 0, 125, 0.0, 0.7716049382716049, 0.22839506172839508
163, 1, 0, 126, 0.0, 0.7730061349693251, 0.22699386503067487
164, 1, 0, 127, 0.0, 0.774390243902439, 0.22560975609756095
165, 1, 0, 128, 0.0, 0.7757575757575758, 0.22424242424242424
166, 1, 0, 129, 0.0, 0.7771084337349398, 0.22289156626506024
167, 1, 0, 130, 0.0, 0.7784431137724551, 0.22155688622754488
168, 1, 0, 131, 0.0, 0.7797619047619048, 0.22023809523809523
169, 1, 0, 132, 0.0, 0.7810650887573964, 0.21893491124260356
170, 1, 0, 132, 0.0, 0.7764705882352941, 0.22352941176470587
171, 1, 0, 132, 0.0, 0.7719298245614035, 0.22807017543859653
172, 1, 0, 132, 0.0, 0.7674418604651163, 0.2325581395348837
173, 1, 0, 132, 0.0, 0.7630057803468208, 0.23699421965317924
174, 1, 0, 133, 0.0, 0.764367816091954, 0.23563218390804597
175, 1, 0, 133, 0.0, 0.76, 0.24
176, 1, 0, 134, 0.0, 0.7613636363636364, 0.23863636363636365
177, 1, 0, 135, 0.0, 0.7627118644067796, 0.23728813559322037
178, 1, 0, 136, 0.0, 0.7640449438202247, 0.2359550561797753
179, 1, 0, 137, 0.0, 0.7653631284916201, 0.23463687150837986
180, 1, 0, 138, 0.0, 0.7666666666666667, 0.23333333333333328
181, 1, 0, 139, 0.0, 0.7679558011049724, 0.2320441988950276
182, 1, 0, 140, 0.0, 0.7692307692307693, 0.23076923076923073
183, 1, 0, 141, 0.0, 0.7704918032786885, 0.2295081967213115
184, 1, 0, 142, 0.0, 0.7717391304347826, 0.2282608695652174
185, 1, 0, 142, 0.0, 0.7675675675675676, 0.2324324324324324
186, 1, 0, 142, 0.0, 0.7634408602150538, 0.23655913978494625
187, 1, 0, 142, 0.0, 0.7593582887700535, 0.2406417112299465
188, 1, 0, 142, 0.0, 0.7553191489361702, 0.24468085106382975
189, 1, 0, 142, 0.0, 0.7513227513227513, 0.24867724867724872
190, 1, 0, 142, 0.0, 0.7473684210526316, 0.25263157894736843
191, 1, 0, 143, 0.0, 0.7486910994764397, 0.25130890052356025
192, 1, 0, 143, 0.0, 0.7447916666666666, 0.25520833333333337
193, 1, 0, 143, 0.0, 0.7409326424870466, 0.2590673575129534
194, 1, 0, 143, 0.0, 0.7371134020618557, 0.2628865979381443
195, 1, 0, 143, 0.0, 0.7333333333333333, 0.2666666666666667
196, 1, 0, 143, 0.0, 0.7295918367346939, 0.27040816326530615
197, 1, 0, 144, 0.0, 0.7309644670050761, 0.2690355329949239
198, 1, 0, 145, 0.0, 0.7323232323232324, 0.2676767676767676
199, 1, 0, 146, 0.0, 0.7336683417085427, 0.26633165829145733
200, 1, 0, 147, 0.0, 0.735, 0.265
201, 1, 0, 147, 0.0, 0.7313432835820896, 0.26865671641791045
202, 1, 0, 148, 0.0, 0.7326732673267327, 0.26732673267326734
203, 1, 0, 149, 0.0, 0.7339901477832512, 0.2660098522167488
204, 1, 0, 150, 0.0, 0.7352941176470589, 0.2647058823529411
205, 1, 0, 151, 0.0, 0.7365853658536585, 0.2634146341463415
206, 1, 0, 152, 0.0, 0.7378640776699029, 0.2621359223300971
207, 1, 0, 153, 0.0, 0.7391304347826086, 0.26086956521739135
208, 1, 0, 154, 0.0, 0.7403846153846154, 0.2596153846153846
209, 1, 0, 154, 0.0, 0.7368421052631579, 0.26315789473684215
210, 1, 0, 155, 0.0, 0.7380952380952381, 0.26190476190476186
211, 1, 0, 155, 0.0, 0.7345971563981043, 0.2654028436018957
212, 1, 0, 155, 0.0, 0.7311320754716981, 0.2688679245283019
213, 1, 0, 155, 0.0, 0.7276995305164319, 0.2723004694835681
214, 1, 0, 156, 0.0, 0.7289719626168224, 0.2710280373831776
215, 1, 0, 157, 0.0, 0.7302325581395349, 0.2697674418604651
216, 1, 0, 158, 0.0, 0.7314814814814815, 0.2685185185185185
217, 1, 0, 159, 0.0, 0.7327188940092166, 0.26728110599078336
218, 1, 0, 160, 0.0, 0.7339449541284404, 0.2660550458715596
219, 1, 0, 161, 0.0, 0.7351598173515982, 0.2648401826484018
220, 1, 0, 162, 0.0, 0.7363636363636363, 0.26363636363636367
221, 1, 0, 163, 0.0, 0.7375565610859729, 0.2624434389140271
222, 1, 0, 164, 0.0, 0.7387387387387387, 0.26126126126126126
223, 1, 0, 165, 0.0, 0.7399103139013453, 0.2600896860986547
224, 1, 0, 166, 0.0, 0.7410714285714286, 0.2589285714285714
225, 1, 0, 167, 0.0, 0.7422222222222222, 0.2577777777777778
226, 1, 0, 167, 0.0, 0.7389380530973452, 0.26106194690265483
227, 1, 0, 167, 0.0, 0.73568281938326, 0.26431718061674003
228, 1, 0, 167, 0.0, 0.7324561403508771, 0.26754385964912286
229, 1, 0, 167, 0.0, 0.7292576419213974, 0.2707423580786026
230, 1, 0, 168, 0.0, 0.7304347826086957, 0.26956521739130435
231, 1, 0, 169, 0.0, 0.7316017316017316, 0.2683982683982684
232, 1, 0, 170, 0.0, 0.7327586206896551, 0.26724137931034486
233, 1, 0, 171, 0.0, 0.7339055793991416, 0.2660944206008584
234, 1, 0, 171, 0.0, 0.7307692307692307, 0.2692307692307693
235, 1, 0, 172, 0.0, 0.7319148936170212, 0.2680851063829788
236, 1, 0, 173, 0.0, 0.7330508474576272, 0.26694915254237284
237, 1, 0, 173, 0.0, 0.729957805907173, 0.27004219409282704
238, 1, 0, 173, 0.0, 0.726890756302521, 0.273109243697479
239, 1, 0, 174, 0.0, 0.7280334728033473, 0.2719665271966527
240, 1, 0, 175, 0.0, 0.7291666666666666, 0.27083333333333337
241, 1, 0, 176, 0.0, 0.7302904564315352, 0.26970954356846477
242, 1, 0, 177, 0.0, 0.731404958677686, 0.26859504132231404
243, 1, 0, 178, 0.0, 0.7325102880658436, 0.2674897119341564
244, 1, 0, 179, 0.0, 0.7336065573770492, 0.26639344262295084
245, 1, 0, 180, 0.0, 0.7346938775510204, 0.26530612244897955
246, 1, 0, 181, 0.0, 0.7357723577235772, 0.2642276422764228
247, 1, 0, 181, 0.0, 0.7327935222672065, 0.2672064777327935
248, 1, 0, 181, 0.0, 0.7298387096774194, 0.2701612903225806
249, 1, 0, 182, 0.0, 0.7309236947791165, 0.26907630522088355
250, 1, 0, 183, 0.0, 0.732, 0.268
251, 1, 0, 184, 0.0, 0.7330677290836654, 0.26693227091633465
252, 1, 0, 185, 0.0, 0.7341269841269841, 0.2658730158730159
253, 1, 0, 186, 0.0, 0.7351778656126482, 0.2648221343873518
254, 1, 0, 186, 0.0, 0.7322834645669292, 0.26771653543307083
255, 1, 0, 186, 0.0, 0.7294117647058823, 0.2705882352941177
256, 1, 0, 186, 0.0, 0.7265625, 0.2734375
257, 1, 0, 186, 0.0, 0.7237354085603113, 0.27626459143968873
258, 1, 0, 186, 0.0, 0.7209302325581395, 0.2790697674418605
259, 1, 0, 187, 0.0, 0.722007722007722, 0.277992277992278
260, 1, 0, 187, 0.0, 0.7192307692307692, 0.28076923076923077
261, 1, 0, 187, 0.0, 0.7164750957854407, 0.28352490421455934
262, 1, 0, 187, 0.0, 0.7137404580152672, 0.2862595419847328
263, 1, 0, 188, 0.0, 0.714828897338403, 0.28517110266159695
264, 1, 0, 189, 0.0, 0.7159090909090909, 0.28409090909090906
265, 1, 0, 190, 0.0, 0.7169811320754716, 0.28301886792452835
266, 1, 0, 191, 0.0, 0.7180451127819549, 0.28195488721804507
267, 1, 0, 192, 0.0, 0.7191011235955056, 0.2808988764044944
268, 1, 0, 193, 0.0, 0.7201492537313433, 0.2798507462686567
269, 1, 0, 193, 0.0, 0.7174721189591078, 0.2825278810408922
270, 1, 0, 193, 0.0, 0.7148148148148148, 0.2851851851851852
271, 1, 0, 193, 0.0, 0.7121771217712177, 0.2878228782287823
272, 1, 0, 194, 0.0, 0.7132352941176471, 0.2867647058823529
273, 1, 0, 195, 0.0, 0.7142857142857143, 0.2857142857142857
274, 1, 0, 196, 0.0, 0.7153284671532847, 0.2846715328467153
275, 1, 0, 197, 0.0, 0.7163636363636363, 0.2836363636363637
276, 1, 0, 198, 0.0, 0.717391304347826, 0.28260869565217395
277, 1, 0, 199, 0.0, 0.7184115523465704, 0.2815884476534296
278, 1, 0, 199, 0.0, 0.7158273381294964, 0.2841726618705036
279, 1, 0, 199, 0.0, 0.7132616487455197, 0.28673835125448033
280, 1, 0, 199, 0.0, 0.7107142857142857, 0.28928571428571426
281, 1, 0, 199, 0.0, 0.708185053380783, 0.29181494661921703
282, 1, 0, 199, 0.0, 0.7056737588652482, 0.2943262411347518
283, 1, 0, 199, 0.0, 0.7031802120141343, 0.2968197879858657
284, 1, 0, 200, 0.0, 0.704225352112676, 0.295774647887324
285, 1, 0, 201, 0.0, 0.7052631578947368, 0.2947368421052632
286, 1, 0, 202, 0.0, 0.7062937062937062, 0.29370629370629375
287, 1, 0, 203, 0.0, 0.7073170731707317, 0.29268292682926833
288, 1, 0, 204, 0.0, 0.7083333333333334, 0.29166666666666663
289, 1, 0, 205, 0.0, 0.7093425605536332, 0.2906574394463668
290, 1, 0, 206, 0.0, 0.7103448275862069, 0.2896551724137931
291, 1, 0, 207, 0.0, 0.711340206185567, 0.28865979381443296
292, 1, 0, 208, 0.0, 0.7123287671232876, 0.28767123287671237
293, 1, 0, 209, 0.0, 0.7133105802047781, 0.2866894197952219
294, 1, 0, 210, 0.0, 0.7142857142857143, 0.2857142857142857
295, 1, 0, 211, 0.0, 0.7152542372881356, 0.28474576271186436
296, 1, 0, 212, 0.0, 0.7162162162162162, 0.28378378378378377
297, 1, 0, 212, 0.0, 0.7138047138047138, 0.2861952861952862
298, 1, 0, 212, 0.0, 0.7114093959731543, 0.28859060402684567
299, 1, 0, 212, 0.0, 0.7090301003344481, 0.29096989966555187
300, 1, 0, 213, 0.0, 0.71, 0.29000000000000004
301, 1, 0, 214, 0.0, 0.7109634551495017, 0.28903654485049834
302, 1, 0, 214, 0.0, 0.7086092715231788, 0.29139072847682124
303, 1, 0, 214, 0.0, 0.7062706270627063, 0.29372937293729373
304, 1, 0, 214, 0.0, 0.7039473684210527, 0.29605263157894735
305, 1, 0, 215, 0.0, 0.7049180327868853, 0.29508196721311475
306, 1, 0, 216, 0.0, 0.7058823529411765, 0.2941176470588235
307, 1, 0, 216, 0.0, 0.7035830618892508, 0.2964169381107492
308, 1, 0, 216, 0.0, 0.7012987012987013, 0.2987012987012987
309, 1, 0, 216, 0.0, 0.6990291262135923, 0.30097087378640774
310, 1, 0, 217, 0.0, 0.7, 0.30000000000000004
311, 1, 0, 218, 0.0, 0.7009646302250804, 0.2990353697749196
312, 1, 0, 218, 0.0, 0.6987179487179487, 0.3012820512820513
313, 1, 0, 219, 0.0, 0.6996805111821086, 0.3003194888178914
314, 1, 0, 219, 0.0, 0.697452229299363, 0.302547770700637
315, 1, 0, 219, 0.0, 0.6952380952380952, 0.3047619047619048
316, 1, 0, 219, 0.0, 0.6930379746835443, 0.30696202531645567
317, 1, 0, 219, 0.0, 0.6908517350157729, 0.3091482649842271
318, 1, 0, 219, 0.0, 0.6886792452830188, 0.3113207547169812
319, 1, 0, 220, 0.0, 0.6896551724137931, 0.31034482758620685
320, 1, 0, 221, 0.0, 0.690625, 0.30937499999999996
321, 1, 0, 221, 0.0, 0.6884735202492211, 0.31152647975077885
322, 1, 0, 221, 0.0, 0.6863354037267081, 0.3136645962732919
323, 1, 0, 221, 0.0, 0.6842105263157895, 0.3157894736842105
324, 1, 0, 222, 0.0, 0.6851851851851852, 0.31481481481481477
325, 1, 0, 223, 0.0, 0.6861538461538461, 0.3138461538461539
326, 1, 0, 224, 0.0, 0.6871165644171779, 0.31288343558282206
327, 1, 0, 224, 0.0, 0.6850152905198776, 0.31498470948012236
328, 1, 0, 224, 0.0, 0.6829268292682927, 0.31707317073170727
329, 1, 0, 224, 0.0, 0.6808510638297872, 0.3191489361702128
330, 1, 0, 224, 0.0, 0.6787878787878788, 0.32121212121212117
331, 1, 0, 225, 0.0, 0.6797583081570997, 0.3202416918429003
332, 1, 0, 226, 0.0, 0.6807228915662651, 0.3192771084337349
333, 1, 0, 227, 0.0, 0.6816816816816816, 0.31831831831831836
334, 1, 0, 228, 0.0, 0.6826347305389222, 0.3173652694610778
335, 1, 0, 229, 0.0, 0.6835820895522388, 0.31641791044776124
336, 1, 0, 229, 0.0, 0.6815476190476191, 0.31845238095238093
337, 1, 0, 229, 0.0, 0.6795252225519288, 0.3204747774480712
338, 1, 0, 230, 0.0, 0.6804733727810651, 0.3195266272189349
339, 1, 0, 230, 0.0, 0.6784660766961652, 0.3215339233038348
340, 1, 0, 231, 0.0, 0.6794117647058824, 0.3205882352941176
341, 1, 0, 232, 0.0, 0.6803519061583577, 0.3196480938416423
342, 1, 0, 233, 0.0, 0.6812865497076024, 0.3187134502923976
343, 1, 0, 234, 0.0, 0.6822157434402333, 0.3177842565597667
344, 1, 0, 235, 0.0, 0.6831395348837209, 0.3168604651162791
345, 1, 0, 236, 0.0, 0.6840579710144927, 0.3159420289855073
346, 1, 0, 236, 0.0, 0.6820809248554913, 0.3179190751445087
347, 1, 0, 236, 0.0, 0.6801152737752162, 0.3198847262247838
348, 1, 0, 237, 0.0, 0.6810344827586207, 0.31896551724137934
349, 1, 0, 237, 0.0, 0.6790830945558739, 0.3209169054441261
350, 1, 0, 237, 0.0, 0.6771428571428572, 0.32285714285714284
351, 1, 0, 237, 0.0, 0.6752136752136753, 0.32478632478632474
352, 1, 0, 237, 0.0, 0.6732954545454546, 0.3267045454545454
353, 1, 0, 237, 0.0, 0.6713881019830028, 0.3286118980169972
354, 1, 0, 238, 0.0, 0.672316384180791, 0.327683615819209
355, 1, 0, 238, 0.0, 0.6704225352112676, 0.3295774647887324
356, 1, 0, 238, 0.0, 0.6685393258426966, 0.3314606741573034
357, 1, 0, 238, 0.0, 0.6666666666666666, 0.33333333333333337
358, 1, 0, 239, 0.0, 0.6675977653631285, 0.33240223463687146
359, 1, 0, 240, 0.0, 0.6685236768802229, 0.33147632311977715
360, 1, 0, 241, 0.0, 0.6694444444444444, 0.3305555555555556
361, 1, 0, 242, 0.0, 0.6703601108033241, 0.32963988919667586
362, 1, 0, 243, 0.0, 0.6712707182320442, 0.3287292817679558
363, 1, 0, 244, 0.0, 0.6721763085399449, 0.3278236914600551
364, 1, 0, 244, 0.0, 0.6703296703296703, 0.3296703296703297
365, 1, 0, 245, 0.0, 0.6712328767123288, 0.3287671232876712
366, 1, 0, 246, 0.0, 0.6721311475409836, 0.3278688524590164
367, 1, 0, 247, 0.0, 0.6730245231607629, 0.3269754768392371
368, 1, 0, 247, 0.0, 0.6711956521739131, 0.3288043478260869
369, 1, 0, 247, 0.0, 0.6693766937669376, 0.33062330623306235
370, 1, 0, 248, 0.0, 0.6702702702702703, 0.3297297297297297
371, 1, 0, 249, 0.0, 0.6711590296495957, 0.32884097035040427
372, 1, 0, 250, 0.0, 0.6720430107526881, 0.32795698924731187
373, 1, 0, 251, 0.0, 0.6729222520107239, 0.32707774798927614
374, 1, 0, 252, 0.0, 0.6737967914438503, 0.3262032085561497
375, 1, 0, 252, 0.0, 0.672, 0.32799999999999996
376, 1, 0, 252, 0.0, 0.6702127659574468, 0.32978723404255317
377, 1, 0, 252, 0.0, 0.6684350132625995, 0.33156498673740054
378, 1, 0, 252, 0.0, 0.6666666666666666, 0.33333333333333337
379, 1, 0, 252, 0.0, 0.6649076517150396, 0.3350923482849604
380, 1, 0, 252, 0.0, 0.6631578947368421, 0.33684210526315794
381, 1, 0, 253, 0.0, 0.6640419947506562, 0.3359580052493438
382, 1, 0, 254, 0.0, 0.6649214659685864, 0.33507853403141363
383, 1, 0, 255, 0.0, 0.6657963446475196, 0.3342036553524804
384, 1, 0, 256, 0.0, 0.6666666666666666, 0.33333333333333337
385, 1, 0, 257, 0.0, 0.6675324675324675, 0.33246753246753247
386, 1, 0, 258, 0.0, 0.6683937823834197, 0.33160621761658027
387, 1, 0, 259, 0.0, 0.6692506459948321, 0.3307493540051679
388, 1, 0, 260, 0.0, 0.6701030927835051, 0.3298969072164949
389, 1, 0, 261, 0.0, 0.6709511568123393, 0.3290488431876607
390, 1, 0, 262, 0.0, 0.6717948717948717, 0.32820512820512826
391, 1, 0, 263, 0.0, 0.6726342710997443, 0.3273657289002557
392, 1, 0, 264, 0.0, 0.673469387755102, 0.326530612244898
393, 1, 0, 265, 0.0, 0.6743002544529262, 0.3256997455470738
394, 1, 0, 266, 0.0, 0.6751269035532995, 0.3248730964467005
395, 1, 0, 267, 0.0, 0.6759493670886076, 0.32405063291139236
396, 1, 0, 268, 0.0, 0.6767676767676768, 0.3232323232323232
397, 1, 0, 269, 0.0, 0.6775818639798489, 0.3224181360201511
398, 1, 0, 270, 0.0, 0.678391959798995, 0.321608040201005
399, 1, 0, 271, 0.0, 0.6791979949874687, 0.3208020050125313
400, 1, 0, 272, 0.0, 0.68, 0.31999999999999995
401, 1, 0, 272, 0.0, 0.6783042394014963, 0.3216957605985037
402, 1, 0, 272, 0.0, 0.6766169154228856, 0.3233830845771144
403, 1, 0, 272, 0.0, 0.674937965260546, 0.32506203473945405
404, 1, 0, 272, 0.0, 0.6732673267326733, 0.3267326732673267
405, 1, 0, 273, 0.0, 0.674074074074074, 0.32592592592592595
406, 1, 0, 274, 0.0, 0.6748768472906403, 0.32512315270935965
407, 1, 0, 274, 0.0, 0.6732186732186732, 0.32678132678132676
408, 1, 0, 275, 0.0, 0.6740196078431373, 0.3259803921568627
409, 1, 0, 276, 0.0, 0.6748166259168704, 0.3251833740831296
410, 1, 0, 277, 0.0, 0.675609756097561, 0.324390243902439
411, 1, 0, 278, 0.0, 0.6763990267639902, 0.3236009732360098
412, 1, 0, 279, 0.0, 0.6771844660194175, 0.3228155339805825
413, 1, 0, 280, 0.0, 0.6779661016949152, 0.3220338983050848
414, 1, 0, 281, 0.0, 0.678743961352657, 0.321256038647343
415, 1, 0, 282, 0.0, 0.6795180722891566, 0.3204819277108434
416, 1, 0, 283, 0.0, 0.6802884615384616, 0.31971153846153844
417, 1, 0, 283, 0.0, 0.6786570743405276, 0.3213429256594724
418, 1, 0, 283, 0.0, 0.6770334928229665, 0.32296650717703346
419, 1, 0, 283, 0.0, 0.6754176610978521, 0.32458233890214794
420, 1, 0, 284, 0.0, 0.6761904761904762, 0.32380952380952377
421, 1, 0, 285, 0.0, 0.6769596199524941, 0.3230403800475059
422, 1, 0, 286, 0.0, 0.6777251184834123, 0.3222748815165877
423, 1, 0, 287, 0.0, 0.6784869976359338, 0.3215130023640662
424, 1, 0, 288, 0.0, 0.6792452830188679, 0.3207547169811321
425, 1, 0, 289, 0.0, 0.68, 0.31999999999999995
426, 1, 0, 290, 0.0, 0.6807511737089202, 0.31924882629107976
427, 1, 0, 291, 0.0, 0.6814988290398126, 0.3185011709601874
428, 1, 0, 291, 0.0, 0.6799065420560748, 0.3200934579439252
429, 1, 0, 291, 0.0, 0.6783216783216783, 0.32167832167832167
430, 1, 0, 291, 0.0, 0.6767441860465117, 0.32325581395348835
431, 1, 0, 292, 0.0, 0.6774941995359629, 0.3225058004640371
432, 1, 0, 293, 0.0, 0.6782407407407407, 0.3217592592592593
433, 1, 0, 294, 0.0, 0.6789838337182448, 0.3210161662817552
434, 1, 0, 294, 0.0, 0.6774193548387096, 0.32258064516129037
435, 1, 0, 294, 0.0, 0.6758620689655173, 0.32413793103448274
436, 1, 0, 294, 0.0, 0.6743119266055045, 0.32568807339449546
437, 1, 0, 295, 0.0, 0.6750572082379863, 0.3249427917620137
438, 1, 0, 296, 0.0, 0.6757990867579908, 0.32420091324200917
439, 1, 0, 297, 0.0, 0.6765375854214123, 0.3234624145785877
440, 1, 0, 298, 0.0, 0.6772727272727272, 0.32272727272727275
441, 1, 0, 298, 0.0, 0.6757369614512472, 0.3242630385487528
442, 1, 0, 298, 0.0, 0.6742081447963801, 0.32579185520361986
443, 1, 0, 298, 0.0, 0.672686230248307, 0.327313769751693
444, 1, 0, 299, 0.0, 0.6734234234234234, 0.32657657657657657
445, 1, 0, 300, 0.0, 0.6741573033707865, 0.3258426966292135
446, 1, 0, 301, 0.0, 0.6748878923766816, 0.32511210762331844
447, 1, 0, 302, 0.0, 0.6756152125279642, 0.3243847874720358
448, 1, 0, 303, 0.0, 0.6763392857142857, 0.3236607142857143
449, 1, 0, 304, 0.0, 0.6770601336302895, 0.3229398663697105
450, 1, 0, 305, 0.0, 0.6777777777777778, 0.3222222222222222
451, 1, 0, 306, 0.0, 0.6784922394678492, 0.3215077605321508
452, 1, 0, 306, 0.0, 0.6769911504424779, 0.32300884955752207
453, 1, 0, 307, 0.0, 0.6777041942604857, 0.32229580573951433
454, 1, 0, 308, 0.0, 0.6784140969162996, 0.3215859030837004
455, 1, 0, 308, 0.0, 0.676923076923077, 0.32307692307692304
456, 1, 0, 309, 0.0, 0.6776315789473685, 0.3223684210526315
457, 1, 0, 310, 0.0, 0.6783369803063457, 0.3216630196936543
458, 1, 0, 311, 0.0, 0.6790393013100436, 0.32096069868995636
459, 1, 0, 312, 0.0, 0.6797385620915033, 0.3202614379084967
460, 1, 0, 313, 0.0, 0.6804347826086956, 0.3195652173913044
461, 1, 0, 314, 0.0, 0.6811279826464208, 0.3188720173535792
462, 1, 0, 315, 0.0, 0.6818181818181818, 0.31818181818181823
463, 1, 0, 316, 0.0, 0.6825053995680346, 0.3174946004319654
464, 1, 0, 317, 0.0, 0.6831896551724138, 0.3168103448275862
465, 1, 0, 318, 0.0, 0.6838709677419355, 0.31612903225806455
466, 1, 0, 319, 0.0, 0.6845493562231759, 0.3154506437768241
467, 1, 0, 320, 0.0, 0.6852248394004282, 0.3147751605995718
468, 1, 0, 321, 0.0, 0.6858974358974359, 0.3141025641025641
469, 1, 0, 322, 0.0, 0.6865671641791045, 0.31343283582089554
470, 1, 0, 322, 0.0, 0.6851063829787234, 0.3148936170212766
471, 1, 0, 323, 0.0, 0.6857749469214437, 0.3142250530785563
472, 1, 0, 323, 0.0, 0.684322033898305, 0.31567796610169496
473, 1, 0, 323, 0.0, 0.6828752642706131, 0.31712473572938693
474, 1, 0, 323, 0.0, 0.6814345991561181, 0.31856540084388185
475, 1, 0, 324, 0.0, 0.6821052631578948, 0.31789473684210523
476, 1, 0, 325, 0.0, 0.6827731092436975, 0.3172268907563025
477, 1, 0, 325, 0.0, 0.6813417190775681, 0.31865828092243187
478, 1, 0, 326, 0.0, 0.6820083682008368, 0.31799163179916323
479, 1, 0, 326, 0.0, 0.6805845511482255, 0.31941544885177453
480, 1, 0, 326, 0.0, 0.6791666666666667, 0.3208333333333333
481, 1, 0, 326, 0.0, 0.6777546777546778, 0.3222453222453222
482, 1, 0, 326, 0.0, 0.6763485477178424, 0.32365145228215764
483, 1, 0, 326, 0.0, 0.6749482401656315, 0.3250517598343685
484, 1, 0, 327, 0.0, 0.6756198347107438, 0.3243801652892562
485, 1, 0, 328, 0.0, 0.6762886597938145, 0.3237113402061855
486, 1, 0, 329, 0.0, 0.676954732510288, 0.32304526748971196
487, 1, 0, 330, 0.0, 0.6776180698151951, 0.3223819301848049
488, 1, 0, 331, 0.0, 0.6782786885245902, 0.32172131147540983
489, 1, 0, 332, 0.0, 0.6789366053169734, 0.3210633946830266
490, 1, 0, 333, 0.0, 0.6795918367346939, 0.3204081632653061
491, 1, 0, 334, 0.0, 0.6802443991853361, 0.3197556008146639
492, 1, 0, 335, 0.0, 0.6808943089430894, 0.31910569105691056
493, 1, 0, 336, 0.0, 0.6815415821501014, 0.3184584178498986
494, 1, 0, 337, 0.0, 0.6821862348178138, 0.3178137651821862
495, 1, 0, 338, 0.0, 0.6828282828282828, 0.3171717171717172
496, 1, 0, 339, 0.0, 0.6834677419354839, 0.3165322580645161
497, 1, 0, 340, 0.0, 0.6841046277665996, 0.31589537223340036
498, 1, 0, 341, 0.0, 0.6847389558232931, 0.31526104417670686
499, 1, 0, 342, 0.0, 0.685370741482966, 0.31462925851703405
500, 1, 0, 342, 0.0, 0.684, 0.31599999999999995
501, 1, 0, 342, 0.0, 0.6826347305389222, 0.3173652694610778
502, 1, 0, 343, 0.0, 0.6832669322709163, 0.3167330677290837
503, 1, 0, 344, 0.0, 0.68389662027833, 0.31610337972167
504, 1, 0, 345, 0.0, 0.6845238095238095, 0.31547619047619047
505, 1, 0, 345, 0.0, 0.6831683168316832, 0.3168316831683168
506, 1, 0, 345, 0.0, 0.6818181818181818, 0.31818181818181823
507, 1, 0, 345, 0.0, 0.6804733727810651, 0.3195266272189349
508, 1, 0, 346, 0.0, 0.6811023622047244, 0.3188976377952756
509, 1, 0, 347, 0.0, 0.6817288801571709, 0.3182711198428291
510, 1, 0, 348, 0.0, 0.6823529411764706, 0.3176470588235294
511, 1, 0, 349, 0.0, 0.6829745596868885, 0.31702544031311153
512, 1, 0, 350, 0.0, 0.68359375, 0.31640625
513, 1, 0, 351, 0.0, 0.6842105263157895, 0.3157894736842105
514, 1, 0, 352, 0.0, 0.6848249027237354, 0.3151750972762646
515, 1, 0, 353, 0.0, 0.6854368932038835, 0.31456310679611654
516, 1, 0, 354, 0.0, 0.686046511627907, 0.313953488372093
517, 1, 0, 354, 0.0, 0.6847195357833655, 0.31528046421663447
518, 1, 0, 355, 0.0, 0.6853281853281853, 0.3146718146718147
519, 1, 0, 356, 0.0, 0.6859344894026975, 0.3140655105973025
520, 1, 0, 357, 0.0, 0.6865384615384615, 0.31346153846153846
521, 1, 0, 358, 0.0, 0.6871401151631478, 0.31285988483685223
522, 1, 0, 359, 0.0, 0.6877394636015326, 0.3122605363984674
523, 1, 0, 360, 0.0, 0.6883365200764818, 0.31166347992351817
524, 1, 0, 361, 0.0, 0.6889312977099237, 0.3110687022900763
525, 1, 0, 361, 0.0, 0.6876190476190476, 0.3123809523809524
526, 1, 0, 361, 0.0, 0.6863117870722434, 0.3136882129277566
527, 1, 0, 361, 0.0, 0.6850094876660342, 0.3149905123339658
528, 1, 0, 362, 0.0, 0.6856060606060606, 0.31439393939393945
529, 1, 0, 362, 0.0, 0.6843100189035917, 0.31568998109640833
530, 1, 0, 362, 0.0, 0.6830188679245283, 0.31698113207547174
531, 1, 0, 362, 0.0, 0.6817325800376648, 0.3182674199623352
532, 1, 0, 362, 0.0, 0.6804511278195489, 0.31954887218045114
533, 1, 0, 362, 0.0, 0.6791744840525328, 0.3208255159474672
534, 1, 0, 362, 0.0, 0.6779026217228464, 0.32209737827715357
535, 1, 0, 362, 0.0, 0.6766355140186916, 0.3233644859813084
536, 1, 0, 362, 0.0, 0.6753731343283582, 0.3246268656716418
537, 1, 0, 362, 0.0, 0.6741154562383612, 0.3258845437616388
538, 1, 0, 362, 0.0, 0.6728624535315985, 0.32713754646840154
539, 1, 0, 362, 0.0, 0.6716141001855288, 0.3283858998144712
540, 1, 0, 363, 0.0, 0.6722222222222223, 0.3277777777777777
541, 1, 0, 364, 0.0, 0.6728280961182994, 0.3271719038817006
542, 1, 0, 364, 0.0, 0.6715867158671587, 0.3284132841328413
543, 1, 0, 364, 0.0, 0.6703499079189686, 0.32965009208103135
544, 1, 0, 364, 0.0, 0.6691176470588235, 0.3308823529411765
545, 1, 0, 364, 0.0, 0.6678899082568808, 0.33211009174311923
546, 1, 0, 365, 0.0, 0.6684981684981685, 0.33150183150183155
547, 1, 0, 366, 0.0, 0.6691042047531993, 0.3308957952468007
548, 1, 0, 367, 0.0, 0.6697080291970803, 0.3302919708029197
549, 1, 0, 368, 0.0, 0.6703096539162113, 0.32969034608378867
550, 1, 0, 368, 0.0, 0.6690909090909091, 0.33090909090909093
551, 1, 0, 369, 0.0, 0.6696914700544465, 0.3303085299455535
552, 1, 0, 369, 0.0, 0.6684782608695652, 0.3315217391304348
553, 1, 0, 370, 0.0, 0.6690777576853526, 0.3309222423146474
554, 1, 0, 371, 0.0, 0.6696750902527075, 0.33032490974729245
555, 1, 0, 372, 0.0, 0.6702702702702703, 0.3297297297297297
556, 1, 0, 372, 0.0, 0.6690647482014388, 0.3309352517985612
557, 1, 0, 372, 0.0, 0.6678635547576302, 0.33213644524236985
558, 1, 0, 373, 0.0, 0.6684587813620072, 0.3315412186379928
559, 1, 0, 373, 0.0, 0.667262969588551, 0.332737030411449
560, 1, 0, 373, 0.0, 0.6660714285714285, 0.33392857142857146
561, 1, 0, 373, 0.0, 0.6648841354723708, 0.3351158645276292
562, 1, 0, 374, 0.0, 0.6654804270462633, 0.3345195729537367
563, 1, 0, 374, 0.0, 0.6642984014209592, 0.3357015985790408
564, 1, 0, 375, 0.0, 0.6648936170212766, 0.3351063829787234
565, 1, 0, 375, 0.0, 0.6637168141592921, 0.33628318584070793
566, 1, 0, 375, 0.0, 0.6625441696113075, 0.33745583038869253
567, 1, 0, 375, 0.0, 0.6613756613756614, 0.3386243386243386
568, 1, 0, 375, 0.0, 0.6602112676056338, 0.33978873239436624
569, 1, 0, 375, 0.0, 0.6590509666080844, 0.3409490333919156
570, 1, 0, 375, 0.0, 0.6578947368421053, 0.3421052631578947
571, 1, 0, 376, 0.0, 0.658493870402802, 0.34150612959719795
572, 1, 0, 377, 0.0, 0.6590909090909091, 0.34090909090909094
573, 1, 0, 378, 0.0, 0.6596858638743456, 0.3403141361256544
574, 1, 0, 379, 0.0, 0.6602787456445993, 0.3397212543554007
575, 1, 0, 380, 0.0, 0.6608695652173913, 0.33913043478260874
576, 1, 0, 381, 0.0, 0.6614583333333334, 0.33854166666666663
577, 1, 0, 382, 0.0, 0.6620450606585788, 0.3379549393414212
578, 1, 0, 383, 0.0, 0.6626297577854672, 0.3373702422145328
579, 1, 0, 384, 0.0, 0.6632124352331606, 0.33678756476683935
580, 1, 0, 385, 0.0, 0.6637931034482759, 0.3362068965517241
581, 1, 0, 386, 0.0, 0.6643717728055077, 0.33562822719449226
582, 1, 0, 387, 0.0, 0.6649484536082474, 0.3350515463917526
583, 1, 0, 388, 0.0, 0.6655231560891939, 0.3344768439108061
584, 1, 0, 389, 0.0, 0.666095890410959, 0.33390410958904104
585, 1, 0, 390, 0.0, 0.6666666666666666, 0.33333333333333337
586, 1, 0, 391, 0.0, 0.6672354948805461, 0.3327645051194539
587, 1, 0, 392, 0.0, 0.6678023850085179, 0.33219761499148215
588, 1, 0, 393, 0.0, 0.6683673469387755, 0.33163265306122447
589, 1, 0, 394, 0.0, 0.6689303904923599, 0.3310696095076401
590, 1, 0, 395, 0.0, 0.6694915254237288, 0.3305084745762712
591, 1, 0, 396, 0.0, 0.6700507614213198, 0.3299492385786802
592, 1, 0, 397, 0.0, 0.6706081081081081, 0.3293918918918919
593, 1, 0, 398, 0.0, 0.6711635750421585, 0.3288364249578415
594, 1, 0, 399, 0.0, 0.6717171717171717, 0.3282828282828283
595, 1, 0, 400, 0.0, 0.6722689075630253, 0.32773109243697474
596, 1, 0, 401, 0.0, 0.6728187919463087, 0.32718120805369133
597, 1, 0, 402, 0.0, 0.6733668341708543, 0.3266331658291457
598, 1, 0, 403, 0.0, 0.6739130434782609, 0.32608695652173914
599, 1, 0, 404, 0.0, 0.674457429048414, 0.325542570951586
600, 1, 0, 405, 0.0, 0.675, 0.32499999999999996
601, 1, 0, 406, 0.0, 0.6755407653910149, 0.32445923460898507
602, 1, 0, 407, 0.0, 0.6760797342192691, 0.32392026578073085
603, 1, 0, 408, 0.0, 0.6766169154228856, 0.3233830845771144
604, 1, 0, 409, 0.0, 0.6771523178807947, 0.32284768211920534
605, 1, 0, 410, 0.0, 0.6776859504132231, 0.3223140495867769
606, 1, 0, 411, 0.0, 0.6782178217821783, 0.32178217821782173
607, 1, 0, 412, 0.0, 0.6787479406919276, 0.32125205930807244
608, 1, 0, 413, 0.0, 0.6792763157894737, 0.3207236842105263
609, 1, 0, 414, 0.0, 0.6798029556650246, 0.3201970443349754
610, 1, 0, 415, 0.0, 0.680327868852459, 0.319672131147541
611, 1, 0, 416, 0.0, 0.6808510638297872, 0.3191489361702128
612, 1, 0, 417, 0.0, 0.6813725490196079, 0.31862745098039214
613, 1, 0, 417, 0.0, 0.6802610114192496, 0.31973898858075045
614, 1, 0, 417, 0.0, 0.6791530944625407, 0.3208469055374593
615, 1, 0, 418, 0.0, 0.6796747967479675, 0.3203252032520325
616, 1, 0, 419, 0.0, 0.6801948051948052, 0.31980519480519476
617, 1, 0, 420, 0.0, 0.6807131280388979, 0.31928687196110206
618, 1, 0, 421, 0.0, 0.6812297734627831, 0.31877022653721687
619, 1, 0, 422, 0.0, 0.6817447495961227, 0.31825525040387725
620, 1, 0, 423, 0.0, 0.682258064516129, 0.317741935483871
621, 1, 0, 424, 0.0, 0.6827697262479872, 0.31723027375201285
622, 1, 0, 425, 0.0, 0.6832797427652733, 0.31672025723472674
623, 1, 0, 425, 0.0, 0.6821829855537721, 0.3178170144462279
624, 1, 0, 426, 0.0, 0.6826923076923077, 0.3173076923076923
625, 1, 0, 427, 0.0, 0.6832, 0.31679999999999997
626, 1, 0, 428, 0.0, 0.6837060702875399, 0.31629392971246006
627, 1, 0, 429, 0.0, 0.6842105263157895, 0.3157894736842105
628, 1, 0, 430, 0.0, 0.6847133757961783, 0.3152866242038217
629, 1, 0, 430, 0.0, 0.6836248012718601, 0.3163751987281399
630, 1, 0, 430, 0.0, 0.6825396825396826, 0.31746031746031744
631, 1, 0, 431, 0.0, 0.6830427892234548, 0.31695721077654515
632, 1, 0, 432, 0.0, 0.6835443037974683, 0.31645569620253167
633, 1, 0, 433, 0.0, 0.684044233807267, 0.315955766192733
634, 1, 0, 434, 0.0, 0.6845425867507886, 0.3154574132492114
635, 1, 0, 435, 0.0, 0.6850393700787402, 0.31496062992125984
636, 1, 0, 436, 0.0, 0.6855345911949685, 0.3144654088050315
637, 1, 0, 437, 0.0, 0.6860282574568289, 0.31397174254317106
638, 1, 0, 438, 0.0, 0.6865203761755486, 0.3134796238244514
639, 1, 0, 439, 0.0, 0.6870109546165885, 0.31298904538341155
640, 1, 0, 440, 0.0, 0.6875, 0.3125
641, 1, 0, 441, 0.0, 0.6879875195007801, 0.3120124804992199
642, 1, 0, 442, 0.0, 0.6884735202492211, 0.31152647975077885
643, 1, 0, 443, 0.0, 0.6889580093312597, 0.3110419906687403
644, 1, 0, 444, 0.0, 0.6894409937888198, 0.31055900621118016
645, 1, 0, 445, 0.0, 0.689922480620155, 0.31007751937984496
646, 1, 0, 446, 0.0, 0.6904024767801857, 0.30959752321981426
647, 1, 0, 447, 0.0, 0.6908809891808346, 0.3091190108191654
648, 1, 0, 448, 0.0, 0.691358024691358, 0.308641975308642
649, 1, 0, 449, 0.0, 0.6918335901386748, 0.30816640986132515
650, 1, 0, 450, 0.0, 0.6923076923076923, 0.3076923076923077
651, 1, 0, 450, 0.0, 0.6912442396313364, 0.3087557603686636
652, 1, 0, 450, 0.0, 0.6901840490797546, 0.3098159509202454
653, 1, 0, 450, 0.0, 0.6891271056661562, 0.3108728943338438
654, 1, 0, 451, 0.0, 0.6896024464831805, 0.3103975535168195
655, 1, 0, 451, 0.0, 0.6885496183206107, 0.3114503816793893
656, 1, 0, 451, 0.0, 0.6875, 0.3125
657, 1, 0, 451, 0.0, 0.6864535768645358, 0.3135464231354642
658, 1, 0, 451, 0.0, 0.6854103343465046, 0.31458966565349544
659, 1, 0, 451, 0.0, 0.6843702579666161, 0.3156297420333839
660, 1, 0, 452, 0.0, 0.6848484848484848, 0.3151515151515152
661, 1, 0, 453, 0.0, 0.6853252647503782, 0.31467473524962175
662, 1, 0, 454, 0.0, 0.6858006042296072, 0.3141993957703928
663, 1, 0, 455, 0.0, 0.6862745098039216, 0.3137254901960784
664, 1, 0, 456, 0.0, 0.6867469879518072, 0.3132530120481928
665, 1, 0, 457, 0.0, 0.687218045112782, 0.31278195488721805
666, 1, 0, 458, 0.0, 0.6876876876876877, 0.31231231231231227
667, 1, 0, 458, 0.0, 0.6866566716641679, 0.3133433283358321
668, 1, 0, 458, 0.0, 0.6856287425149701, 0.3143712574850299
669, 1, 0, 459, 0.0, 0.6860986547085202, 0.31390134529147984
670, 1, 0, 460, 0.0, 0.6865671641791045, 0.31343283582089554
671, 1, 0, 461, 0.0, 0.6870342771982116, 0.31296572280178836
672, 1, 0, 462, 0.0, 0.6875, 0.3125
673, 1, 0, 462, 0.0, 0.6864784546805349, 0.3135215453194651
674, 1, 0, 462, 0.0, 0.685459940652819, 0.314540059347181
675, 1, 0, 462, 0.0, 0.6844444444444444, 0.3155555555555556
676, 1, 0, 463, 0.0, 0.6849112426035503, 0.3150887573964497
677, 1, 0, 464, 0.0, 0.6853766617429837, 0.31462333825701627
678, 1, 0, 465, 0.0, 0.6858407079646017, 0.3141592920353983
679, 1, 0, 466, 0.0, 0.6863033873343152, 0.3136966126656848
680, 1, 0, 467, 0.0, 0.6867647058823529, 0.31323529411764706
681, 1, 0, 468, 0.0, 0.6872246696035242, 0.31277533039647576
682, 1, 0, 469, 0.0, 0.6876832844574781, 0.31231671554252194
683, 1, 0, 470, 0.0, 0.6881405563689604, 0.31185944363103957
684, 1, 0, 471, 0.0, 0.6885964912280702, 0.3114035087719298
685, 1, 0, 472, 0.0, 0.689051094890511, 0.310948905109489
686, 1, 0, 473, 0.0, 0.6895043731778425, 0.3104956268221575
687, 1, 0, 474, 0.0, 0.6899563318777293, 0.3100436681222707
688, 1, 0, 475, 0.0, 0.690406976744186, 0.30959302325581395
689, 1, 0, 475, 0.0, 0.6894049346879536, 0.3105950653120464
690, 1, 0, 475, 0.0, 0.6884057971014492, 0.3115942028985508
691, 1, 0, 476, 0.0, 0.6888567293777135, 0.3111432706222865
692, 1, 0, 477, 0.0, 0.6893063583815029, 0.3106936416184971
693, 1, 0, 478, 0.0, 0.6897546897546898, 0.3102453102453102
694, 1, 0, 478, 0.0, 0.6887608069164265, 0.3112391930835735
695, 1, 0, 478, 0.0, 0.6877697841726619, 0.3122302158273381
696, 1, 0, 479, 0.0, 0.6882183908045977, 0.3117816091954023
697, 1, 0, 480, 0.0, 0.6886657101865137, 0.3113342898134863
698, 1, 0, 481, 0.0, 0.6891117478510028, 0.3108882521489972
699, 1, 0, 482, 0.0, 0.6895565092989986, 0.3104434907010014
700, 1, 0, 483, 0.0, 0.69, 0.31000000000000005
701, 1, 0, 484, 0.0, 0.6904422253922967, 0.3095577746077033
702, 1, 0, 485, 0.0, 0.6908831908831908, 0.30911680911680917
703, 1, 0, 486, 0.0, 0.6913229018492176, 0.30867709815078237
704, 1, 0, 487, 0.0, 0.6917613636363636, 0.30823863636363635
705, 1, 0, 488, 0.0, 0.6921985815602837, 0.3078014184397163
706, 1, 0, 489, 0.0, 0.6926345609065155, 0.30736543909348446
707, 1, 0, 490, 0.0, 0.693069306930693, 0.306930693069307
708, 1, 0, 491, 0.0, 0.693502824858757, 0.306497175141243
709, 1, 0, 492, 0.0, 0.693935119887165, 0.30606488011283495
710, 1, 0, 493, 0.0, 0.6943661971830986, 0.30563380281690145
711, 1, 0, 494, 0.0, 0.6947960618846695, 0.30520393811533053
712, 1, 0, 494, 0.0, 0.6938202247191011, 0.3061797752808989
713, 1, 0, 494, 0.0, 0.6928471248246845, 0.30715287517531553
714, 1, 0, 495, 0.0, 0.6932773109243697, 0.3067226890756303
715, 1, 0, 496, 0.0, 0.6937062937062937, 0.30629370629370634
716, 1, 0, 497, 0.0, 0.6941340782122905, 0.30586592178770955
717, 1, 0, 498, 0.0, 0.694560669456067, 0.305439330543933
718, 1, 0, 499, 0.0, 0.6949860724233984, 0.3050139275766016
719, 1, 0, 500, 0.0, 0.6954102920723226, 0.30458970792767737
720, 1, 0, 501, 0.0, 0.6958333333333333, 0.3041666666666667
721, 1, 0, 502, 0.0, 0.6962552011095701, 0.30374479889042993
722, 1, 0, 503, 0.0, 0.6966759002770083, 0.3033240997229917
723, 1, 0, 504, 0.0, 0.6970954356846473, 0.30290456431535273
724, 1, 0, 505, 0.0, 0.6975138121546961, 0.3024861878453039
725, 1, 0, 506, 0.0, 0.6979310344827586, 0.3020689655172414
726, 1, 0, 507, 0.0, 0.6983471074380165, 0.30165289256198347
727, 1, 0, 508, 0.0, 0.6987620357634112, 0.3012379642365888
728, 1, 0, 509, 0.0, 0.6991758241758241, 0.30082417582417587
729, 1, 0, 510, 0.0, 0.6995884773662552, 0.3004115226337448
730, 1, 0, 511, 0.0, 0.7, 0.30000000000000004
731, 1, 0, 512, 0.0, 0.7004103967168263, 0.29958960328317374
732, 1, 0, 513, 0.0, 0.7008196721311475, 0.2991803278688525
733, 1, 0, 514, 0.0, 0.7012278308321964, 0.2987721691678036
734, 1, 0, 515, 0.0, 0.7016348773841962, 0.29836512261580383
735, 1, 0, 516, 0.0, 0.7020408163265306, 0.2979591836734694
736, 1, 0, 517, 0.0, 0.7024456521739131, 0.2975543478260869
737, 1, 0, 518, 0.0, 0.7028493894165536, 0.2971506105834464
738, 1, 0, 519, 0.0, 0.7032520325203252, 0.2967479674796748
739, 1, 0, 520, 0.0, 0.7036535859269283, 0.2963464140730717
740, 1, 0, 521, 0.0, 0.7040540540540541, 0.2959459459459459
741, 1, 0, 522, 0.0, 0.7044534412955465, 0.29554655870445345
742, 1, 0, 523, 0.0, 0.7048517520215634, 0.29514824797843664
743, 1, 0, 524, 0.0, 0.7052489905787349, 0.2947510094212651
744, 1, 0, 524, 0.0, 0.7043010752688172, 0.29569892473118276
745, 1, 0, 525, 0.0, 0.7046979865771812, 0.2953020134228188
746, 1, 0, 526, 0.0, 0.7050938337801609, 0.2949061662198391
747, 1, 0, 527, 0.0, 0.7054886211512718, 0.29451137884872824
748, 1, 0, 528, 0.0, 0.7058823529411765, 0.2941176470588235
749, 1, 0, 529, 0.0, 0.7062750333778371, 0.29372496662216285
750, 1, 0, 530, 0.0, 0.7066666666666667, 0.29333333333333333
751, 1, 0, 531, 0.0, 0.7070572569906791, 0.2929427430093209
752, 1, 0, 532, 0.0, 0.7074468085106383, 0.29255319148936165
753, 1, 0, 532, 0.0, 0.7065073041168659, 0.2934926958831341
754, 1, 0, 532, 0.0, 0.7055702917771883, 0.29442970822281167
755, 1, 0, 533, 0.0, 0.7059602649006622, 0.2940397350993378
756, 1, 0, 533, 0.0, 0.705026455026455, 0.294973544973545
757, 1, 0, 533, 0.0, 0.7040951122853368, 0.29590488771466317
758, 1, 0, 533, 0.0, 0.7031662269129287, 0.29683377308707126
759, 1, 0, 534, 0.0, 0.7035573122529645, 0.2964426877470355
760, 1, 0, 535, 0.0, 0.7039473684210527, 0.29605263157894735
761, 1, 0, 536, 0.0, 0.7043363994743759, 0.2956636005256241
762, 1, 0, 537, 0.0, 0.7047244094488189, 0.29527559055118113
763, 1, 0, 538, 0.0, 0.7051114023591087, 0.29488859764089126
764, 1, 0, 539, 0.0, 0.7054973821989529, 0.29450261780104714
765, 1, 0, 540, 0.0, 0.7058823529411765, 0.2941176470588235
766, 1, 0, 541, 0.0, 0.706266318537859, 0.29373368146214096
767, 1, 0, 542, 0.0, 0.7066492829204694, 0.29335071707953064
768, 1, 0, 543, 0.0, 0.70703125, 0.29296875
769, 1, 0, 544, 0.0, 0.7074122236671001, 0.2925877763328999
770, 1, 0, 545, 0.0, 0.7077922077922078, 0.29220779220779225
771, 1, 0, 546, 0.0, 0.708171206225681, 0.29182879377431903
772, 1, 0, 547, 0.0, 0.7085492227979274, 0.2914507772020726
773, 1, 0, 548, 0.0, 0.7089262613195343, 0.2910737386804657
774, 1, 0, 549, 0.0, 0.7093023255813954, 0.2906976744186046
775, 1, 0, 550, 0.0, 0.7096774193548387, 0.29032258064516125
776, 1, 0, 551, 0.0, 0.7100515463917526, 0.2899484536082474
777, 1, 0, 552, 0.0, 0.7104247104247104, 0.28957528957528955
778, 1, 0, 553, 0.0, 0.7107969151670951, 0.2892030848329049
779, 1, 0, 554, 0.0, 0.711168164313222, 0.28883183568677795
780, 1, 0, 555, 0.0, 0.7115384615384616, 0.28846153846153844
781, 1, 0, 556, 0.0, 0.7119078104993598, 0.2880921895006402
782, 1, 0, 557, 0.0, 0.7122762148337596, 0.2877237851662404
783, 1, 0, 558, 0.0, 0.7126436781609196, 0.28735632183908044
784, 1, 0, 559, 0.0, 0.7130102040816326, 0.2869897959183674
785, 1, 0, 560, 0.0, 0.7133757961783439, 0.2866242038216561
786, 1, 0, 561, 0.0, 0.7137404580152672, 0.2862595419847328
787, 1, 0, 562, 0.0, 0.7141041931385006, 0.2858958068614994
788, 1, 0, 563, 0.0, 0.7144670050761421, 0.28553299492385786
789, 1, 0, 564, 0.0, 0.714828897338403, 0.28517110266159695
790, 1, 0, 564, 0.0, 0.7139240506329114, 0.2860759493670886
791, 1, 0, 565, 0.0, 0.7142857142857143, 0.2857142857142857
792, 1, 0, 566, 0.0, 0.7146464646464646, 0.28535353535353536
793, 1, 0, 567, 0.0, 0.7150063051702396, 0.28499369482976045
794, 1, 0, 567, 0.0, 0.7141057934508817, 0.28589420654911835
795, 1, 0, 568, 0.0, 0.7144654088050314, 0.2855345911949686
796, 1, 0, 569, 0.0, 0.714824120603015, 0.28517587939698497
797, 1, 0, 570, 0.0, 0.7151819322459222, 0.2848180677540778
798, 1, 0, 571, 0.0, 0.7155388471177945, 0.2844611528822055
799, 1, 0, 571, 0.0, 0.7146433041301627, 0.28535669586983725
800, 1, 0, 571, 0.0, 0.71375, 0.28625
801, 1, 0, 572, 0.0, 0.714107365792759, 0.285892634207241
802, 1, 0, 573, 0.0, 0.7144638403990025, 0.28553615960099754
803, 1, 0, 574, 0.0, 0.7148194271481942, 0.28518057285180576
804, 1, 0, 575, 0.0, 0.7151741293532339, 0.2848258706467661
805, 1, 0, 576, 0.0, 0.715527950310559, 0.28447204968944095
806, 1, 0, 577, 0.0, 0.7158808933002482, 0.2841191066997518
807, 1, 0, 577, 0.0, 0.7149938042131351, 0.2850061957868649
808, 1, 0, 578, 0.0, 0.7153465346534653, 0.2846534653465347
809, 1, 0, 578, 0.0, 0.7144622991347342, 0.28553770086526575
810, 1, 0, 578, 0.0, 0.7135802469135802, 0.28641975308641976
811, 1, 0, 578, 0.0, 0.7127003699136868, 0.2872996300863132
812, 1, 0, 578, 0.0, 0.7118226600985221, 0.28817733990147787
813, 1, 0, 578, 0.0, 0.7109471094710947, 0.28905289052890526
814, 1, 0, 579, 0.0, 0.7113022113022113, 0.2886977886977887
815, 1, 0, 580, 0.0, 0.7116564417177914, 0.2883435582822086
816, 1, 0, 581, 0.0, 0.7120098039215687, 0.28799019607843135
817, 1, 0, 582, 0.0, 0.7123623011015912, 0.28763769889840884
818, 1, 0, 583, 0.0, 0.7127139364303179, 0.2872860635696821
819, 1, 0, 584, 0.0, 0.7130647130647131, 0.2869352869352869
820, 1, 0, 585, 0.0, 0.7134146341463414, 0.28658536585365857
821, 1, 0, 586, 0.0, 0.7137637028014616, 0.2862362971985384
822, 1, 0, 587, 0.0, 0.7141119221411192, 0.2858880778588808
823, 1, 0, 588, 0.0, 0.7144592952612394, 0.2855407047387606
824, 1, 0, 589, 0.0, 0.7148058252427184, 0.2851941747572816
825, 1, 0, 590, 0.0, 0.7151515151515152, 0.2848484848484848
826, 1, 0, 591, 0.0, 0.715496368038741, 0.28450363196125905
827, 1, 0, 592, 0.0, 0.7158403869407497, 0.2841596130592503
828, 1, 0, 593, 0.0, 0.716183574879227, 0.283816425120773
829, 1, 0, 594, 0.0, 0.7165259348612787, 0.2834740651387213
830, 1, 0, 595, 0.0, 0.7168674698795181, 0.2831325301204819
831, 1, 0, 596, 0.0, 0.717208182912154, 0.28279181708784595
832, 1, 0, 597, 0.0, 0.7175480769230769, 0.28245192307692313
833, 1, 0, 598, 0.0, 0.7178871548619448, 0.28211284513805523
834, 1, 0, 598, 0.0, 0.7170263788968825, 0.2829736211031175
835, 1, 0, 599, 0.0, 0.7173652694610778, 0.2826347305389222
836, 1, 0, 600, 0.0, 0.7177033492822966, 0.2822966507177034
837, 1, 0, 601, 0.0, 0.7180406212664278, 0.28195937873357224
838, 1, 0, 602, 0.0, 0.7183770883054893, 0.2816229116945107
839, 1, 0, 603, 0.0, 0.7187127532777116, 0.28128724672228844
840, 1, 0, 604, 0.0, 0.719047619047619, 0.28095238095238095
841, 1, 0, 605, 0.0, 0.7193816884661117, 0.2806183115338883
842, 1, 0, 605, 0.0, 0.7185273159144893, 0.28147268408551074
843, 1, 0, 605, 0.0, 0.7176749703440095, 0.2823250296559905
1, 1, 0, 0, 0.0, 0.0, 1.0
2, 1, 0, 0, 0.0, 0.0, 1.0
3, 1, 0, 0, 0.0, 0.0, 1.0
4, 1, 0, 0, 0.0, 0.0, 1.0
5, 1, 0, 1, 0.0, 0.2, 0.8
6, 1, 0, 1, 0.0, 0.16666666666666666, 0.8333333333333334
7, 1, 0, 2, 0.0, 0.2857142857142857, 0.7142857142857143
8, 1, 0, 3, 0.0, 0.375, 0.625
9, 1, 0, 4, 0.0, 0.4444444444444444, 0.5555555555555556
10, 1, 0, 5, 0.0, 0.5, 0.5
11, 1, 0, 6, 0.0, 0.5454545454545454, 0.4545454545454546
12, 1, 0, 7, 0.0, 0.5833333333333334, 0.41666666666666663
13, 1, 0, 8, 0.0, 0.6153846153846154, 0.3846153846153846
14, 1, 0, 9, 0.0, 0.6428571428571429, 0.3571428571428571
15, 1, 0, 10, 0.0, 0.6666666666666666, 0.33333333333333337
16, 1, 0, 11, 0.0, 0.6875, 0.3125
17, 1, 0, 12, 0.0, 0.7058823529411765, 0.2941176470588235
18, 1, 0, 13, 0.0, 0.7222222222222222, 0.2777777777777778
19, 1, 0, 14, 0.0, 0.7368421052631579, 0.26315789473684215
20, 1, 0, 15, 0.0, 0.75, 0.25
21, 1, 0, 16, 0.0, 0.7619047619047619, 0.23809523809523814
22, 1, 0, 16, 0.0, 0.7272727272727273, 0.2727272727272727
23, 1, 0, 17, 0.0, 0.7391304347826086, 0.26086956521739135
24, 1, 0, 18, 0.0, 0.75, 0.25
25, 1, 0, 19, 0.0, 0.76, 0.24
26, 1, 0, 20, 0.0, 0.7692307692307693, 0.23076923076923073
27, 1, 0, 20, 0.0, 0.7407407407407407, 0.2592592592592593
28, 1, 0, 21, 0.0, 0.75, 0.25
29, 1, 0, 22, 0.0, 0.7586206896551724, 0.24137931034482762
30, 1, 0, 23, 0.0, 0.7666666666666667, 0.23333333333333328
31, 1, 0, 24, 0.0, 0.7741935483870968, 0.22580645161290325
32, 1, 0, 25, 0.0, 0.78125, 0.21875
33, 1, 0, 26, 0.0, 0.7878787878787878, 0.21212121212121215
34, 1, 0, 27, 0.0, 0.7941176470588235, 0.20588235294117652
35, 1, 0, 28, 0.0, 0.8, 0.19999999999999996
36, 1, 0, 29, 0.0, 0.8055555555555556, 0.19444444444444442
37, 1, 0, 30, 0.0, 0.8108108108108109, 0.18918918918918914
38, 1, 0, 31, 0.0, 0.8157894736842105, 0.1842105263157895
39, 1, 0, 32, 0.0, 0.8205128205128205, 0.17948717948717952
40, 1, 0, 33, 0.0, 0.825, 0.17500000000000004
41, 1, 0, 33, 0.0, 0.8048780487804879, 0.19512195121951215
42, 1, 0, 33, 0.0, 0.7857142857142857, 0.2142857142857143
43, 1, 0, 33, 0.0, 0.7674418604651163, 0.2325581395348837
44, 1, 0, 33, 0.0, 0.75, 0.25
45, 1, 0, 33, 0.0, 0.7333333333333333, 0.2666666666666667
46, 1, 0, 33, 0.0, 0.717391304347826, 0.28260869565217395
47, 1, 0, 34, 0.0, 0.723404255319149, 0.276595744680851
48, 1, 0, 35, 0.0, 0.7291666666666666, 0.27083333333333337
49, 1, 0, 36, 0.0, 0.7346938775510204, 0.26530612244897955
50, 1, 0, 37, 0.0, 0.74, 0.26
51, 1, 0, 37, 0.0, 0.7254901960784313, 0.27450980392156865
52, 1, 0, 37, 0.0, 0.7115384615384616, 0.28846153846153844
53, 1, 0, 38, 0.0, 0.7169811320754716, 0.28301886792452835
54, 1, 0, 39, 0.0, 0.7222222222222222, 0.2777777777777778
55, 1, 0, 40, 0.0, 0.7272727272727273, 0.2727272727272727
56, 1, 0, 41, 0.0, 0.7321428571428571, 0.2678571428571429
57, 1, 0, 42, 0.0, 0.7368421052631579, 0.26315789473684215
58, 1, 0, 43, 0.0, 0.7413793103448276, 0.2586206896551724
59, 1, 0, 44, 0.0, 0.7457627118644068, 0.2542372881355932
60, 1, 0, 45, 0.0, 0.75, 0.25
61, 1, 0, 46, 0.0, 0.7540983606557377, 0.24590163934426235
62, 1, 0, 47, 0.0, 0.7580645161290323, 0.24193548387096775
63, 1, 0, 48, 0.0, 0.7619047619047619, 0.23809523809523814
64, 1, 0, 49, 0.0, 0.765625, 0.234375
65, 1, 0, 50, 0.0, 0.7692307692307693, 0.23076923076923073
66, 1, 0, 51, 0.0, 0.7727272727272727, 0.2272727272727273
67, 1, 0, 52, 0.0, 0.7761194029850746, 0.22388059701492535
68, 1, 0, 53, 0.0, 0.7794117647058824, 0.22058823529411764
69, 1, 0, 53, 0.0, 0.7681159420289855, 0.23188405797101452
70, 1, 0, 54, 0.0, 0.7714285714285715, 0.22857142857142854
71, 1, 0, 55, 0.0, 0.7746478873239436, 0.22535211267605637
72, 1, 0, 56, 0.0, 0.7777777777777778, 0.2222222222222222
73, 1, 0, 57, 0.0, 0.7808219178082192, 0.2191780821917808
74, 1, 0, 58, 0.0, 0.7837837837837838, 0.21621621621621623
75, 1, 0, 59, 0.0, 0.7866666666666666, 0.21333333333333337
76, 1, 0, 60, 0.0, 0.7894736842105263, 0.21052631578947367
77, 1, 0, 61, 0.0, 0.7922077922077922, 0.20779220779220775
78, 1, 0, 62, 0.0, 0.7948717948717948, 0.20512820512820518
79, 1, 0, 63, 0.0, 0.7974683544303798, 0.20253164556962022
80, 1, 0, 63, 0.0, 0.7875, 0.21250000000000002
81, 1, 0, 63, 0.0, 0.7777777777777778, 0.2222222222222222
82, 1, 0, 64, 0.0, 0.7804878048780488, 0.2195121951219512
83, 1, 0, 65, 0.0, 0.7831325301204819, 0.2168674698795181
84, 1, 0, 66, 0.0, 0.7857142857142857, 0.2142857142857143
85, 1, 0, 67, 0.0, 0.788235294117647, 0.21176470588235297
86, 1, 0, 68, 0.0, 0.7906976744186046, 0.2093023255813954
87, 1, 0, 69, 0.0, 0.7931034482758621, 0.2068965517241379
88, 1, 0, 70, 0.0, 0.7954545454545454, 0.20454545454545459
89, 1, 0, 71, 0.0, 0.797752808988764, 0.202247191011236
90, 1, 0, 72, 0.0, 0.8, 0.19999999999999996
91, 1, 0, 73, 0.0, 0.8021978021978022, 0.19780219780219777
92, 1, 0, 74, 0.0, 0.8043478260869565, 0.19565217391304346
93, 1, 0, 75, 0.0, 0.8064516129032258, 0.19354838709677424
94, 1, 0, 75, 0.0, 0.7978723404255319, 0.2021276595744681
95, 1, 0, 75, 0.0, 0.7894736842105263, 0.21052631578947367
96, 1, 0, 75, 0.0, 0.78125, 0.21875
97, 1, 0, 75, 0.0, 0.7731958762886598, 0.22680412371134018
98, 1, 0, 76, 0.0, 0.7755102040816326, 0.22448979591836737
99, 1, 0, 77, 0.0, 0.7777777777777778, 0.2222222222222222
100, 1, 0, 77, 0.0, 0.77, 0.22999999999999998
101, 1, 0, 77, 0.0, 0.7623762376237624, 0.2376237623762376
102, 1, 0, 77, 0.0, 0.7549019607843137, 0.2450980392156863
103, 1, 0, 77, 0.0, 0.7475728155339806, 0.2524271844660194
104, 1, 0, 77, 0.0, 0.7403846153846154, 0.2596153846153846
105, 1, 0, 77, 0.0, 0.7333333333333333, 0.2666666666666667
106, 1, 0, 77, 0.0, 0.7264150943396226, 0.2735849056603774
107, 1, 0, 78, 0.0, 0.7289719626168224, 0.2710280373831776
1, 1, 0, 1, 0.0, 1.0, 0.0
2, 1, 0, 1, 0.0, 0.5, 0.5
3, 1, 0, 1, 0.0, 0.3333333333333333, 0.6666666666666667
4, 1, 0, 2, 0.0, 0.5, 0.5
5, 1, 0, 2, 0.0, 0.4, 0.6
6, 1, 0, 3, 0.0, 0.5, 0.5
7, 1, 0, 4, 0.0, 0.5714285714285714, 0.4285714285714286
8, 1, 0, 5, 0.0, 0.625, 0.375
9, 1, 0, 6, 0.0, 0.6666666666666666, 0.33333333333333337
10, 1, 0, 7, 0.0, 0.7, 0.30000000000000004
11, 1, 0, 8, 0.0, 0.7272727272727273, 0.2727272727272727
12, 1, 0, 9, 0.0, 0.75, 0.25
13, 1, 0, 10, 0.0, 0.7692307692307693, 0.23076923076923073
14, 1, 0, 11, 0.0, 0.7857142857142857, 0.2142857142857143
15, 1, 0, 12, 0.0, 0.8, 0.19999999999999996
16, 1, 0, 13, 0.0, 0.8125, 0.1875
17, 1, 0, 13, 0.0, 0.7647058823529411, 0.23529411764705888
18, 1, 0, 13, 0.0, 0.7222222222222222, 0.2777777777777778
19, 1, 0, 13, 0.0, 0.6842105263157895, 0.3157894736842105
20, 1, 0, 14, 0.0, 0.7, 0.30000000000000004
21, 1, 0, 15, 0.0, 0.7142857142857143, 0.2857142857142857
22, 1, 0, 16, 0.0, 0.7272727272727273, 0.2727272727272727
23, 1, 0, 17, 0.0, 0.7391304347826086, 0.26086956521739135
1, 1, 0, 0, 0.0, 0.0, 1.0
2, 1, 0, 1, 0.0, 0.5, 0.5
3, 1, 0, 2, 0.0, 0.6666666666666666, 0.33333333333333337
4, 1, 0, 3, 0.0, 0.75, 0.25
5, 1, 0, 4, 0.0, 0.8, 0.19999999999999996
6, 1, 0, 4, 0.0, 0.6666666666666666, 0.33333333333333337
7, 1, 0, 5, 0.0, 0.7142857142857143, 0.2857142857142857
8, 1, 0, 6, 0.0, 0.75, 0.25
9, 1, 0, 7, 0.0, 0.7777777777777778, 0.2222222222222222
10, 1, 0, 8, 0.0, 0.8, 0.19999999999999996
11, 1, 0, 9, 0.0, 0.8181818181818182, 0.18181818181818177
12, 1, 0, 10, 0.0, 0.8333333333333334, 0.16666666666666663
13, 1, 0, 11, 0.0, 0.8461538461538461, 0.15384615384615385
14, 1, 0, 12, 0.0, 0.8571428571428571, 0.1428571428571429
15, 1, 0, 13, 0.0, 0.8666666666666667, 0.1333333333333333
16, 1, 0, 14, 0.0, 0.875, 0.125
17, 1, 0, 14, 0.0, 0.8235294117647058, 0.17647058823529416
18, 1, 0, 14, 0.0, 0.7777777777777778, 0.2222222222222222
19, 1, 0, 14, 0.0, 0.7368421052631579, 0.26315789473684215
20, 1, 0, 14, 0.0, 0.7, 0.30000000000000004
21, 1, 0, 14, 0.0, 0.6666666666666666, 0.33333333333333337
22, 1, 0, 14, 0.0, 0.6363636363636364, 0.36363636363636365
23, 1, 0, 14, 0.0, 0.6086956521739131, 0.3913043478260869
24, 1, 0, 15, 0.0, 0.625, 0.375
25, 1, 0, 16, 0.0, 0.64, 0.36
26, 1, 0, 17, 0.0, 0.6538461538461539, 0.34615384615384615
27, 1, 0, 18, 0.0, 0.6666666666666666, 0.33333333333333337
28, 1, 0, 19, 0.0, 0.6785714285714286, 0.3214285714285714
29, 1, 0, 20, 0.0, 0.6896551724137931, 0.31034482758620685
30, 1, 0, 21, 0.0, 0.7, 0.30000000000000004
31, 1, 0, 22, 0.0, 0.7096774193548387, 0.29032258064516125
32, 1, 0, 23, 0.0, 0.71875, 0.28125
33, 1, 0, 24, 0.0, 0.7272727272727273, 0.2727272727272727
34, 1, 0, 25, 0.0, 0.7352941176470589, 0.2647058823529411
35, 1, 0, 26, 0.0, 0.7428571428571429, 0.2571428571428571
36, 1, 0, 27, 0.0, 0.75, 0.25
37, 1, 0, 28, 0.0, 0.7567567567567568, 0.2432432432432432
38, 1, 0, 29, 0.0, 0.7631578947368421, 0.23684210526315785
39, 1, 0, 30, 0.0, 0.7692307692307693, 0.23076923076923073
40, 1, 0, 30, 0.0, 0.75, 0.25
41, 1, 0, 30, 0.0, 0.7317073170731707, 0.2682926829268293
42, 1, 0, 30, 0.0, 0.7142857142857143, 0.2857142857142857
43, 1, 0, 31, 0.0, 0.7209302325581395, 0.2790697674418605
44, 1, 0, 32, 0.0, 0.7272727272727273, 0.2727272727272727
45, 1, 0, 33, 0.0, 0.7333333333333333, 0.2666666666666667
46, 1, 0, 34, 0.0, 0.7391304347826086, 0.26086956521739135
47, 1, 0, 35, 0.0, 0.7446808510638298, 0.25531914893617025
48, 1, 0, 36, 0.0, 0.75, 0.25
49, 1, 0, 37, 0.0, 0.7551020408163265, 0.24489795918367352
50, 1, 0, 38, 0.0, 0.76, 0.24
51, 1, 0, 39, 0.0, 0.7647058823529411, 0.23529411764705888
52, 1, 0, 40, 0.0, 0.7692307692307693, 0.23076923076923073
53, 1, 0, 41, 0.0, 0.7735849056603774, 0.2264150943396226
54, 1, 0, 42, 0.0, 0.7777777777777778, 0.2222222222222222
55, 1, 0, 43, 0.0, 0.7818181818181819, 0.21818181818181814
56, 1, 0, 44, 0.0, 0.7857142857142857, 0.2142857142857143
57, 1, 0, 44, 0.0, 0.7719298245614035, 0.22807017543859653
58, 1, 0, 44, 0.0, 0.7586206896551724, 0.24137931034482762
59, 1, 0, 44, 0.0, 0.7457627118644068, 0.2542372881355932
60, 1, 0, 44, 0.0, 0.7333333333333333, 0.2666666666666667
61, 1, 0, 44, 0.0, 0.7213114754098361, 0.2786885245901639
62, 1, 0, 44, 0.0, 0.7096774193548387, 0.29032258064516125
63, 1, 0, 45, 0.0, 0.7142857142857143, 0.2857142857142857
64, 1, 0, 45, 0.0, 0.703125, 0.296875
65, 1, 0, 45, 0.0, 0.6923076923076923, 0.3076923076923077
66, 1, 0, 45, 0.0, 0.6818181818181818, 0.31818181818181823
67, 1, 0, 45, 0.0, 0.6716417910447762, 0.32835820895522383
68, 1, 0, 46, 0.0, 0.6764705882352942, 0.32352941176470584
69, 1, 0, 47, 0.0, 0.6811594202898551, 0.3188405797101449
70, 1, 0, 48, 0.0, 0.6857142857142857, 0.3142857142857143
71, 1, 0, 48, 0.0, 0.676056338028169, 0.323943661971831
72, 1, 0, 48, 0.0, 0.6666666666666666, 0.33333333333333337
73, 1, 0, 48, 0.0, 0.6575342465753424, 0.34246575342465757
74, 1, 0, 49, 0.0, 0.6621621621621622, 0.33783783783783783
75, 1, 0, 50, 0.0, 0.6666666666666666, 0.33333333333333337
76, 1, 0, 51, 0.0, 0.6710526315789473, 0.32894736842105265
