78.56334806509139
20.656280940588086
5.239115541892033
80.21835422745494
1.4321924860005213
6.051383221734731
140.8774271468861
20.406009036227832
72.08862743179002
85.02494100601074
4.9249154592281466
40.14552317740718
3.0207981269383213
2.9002294322171216
3.4388415283453457
2.871200605294288
2.771126586282795
3.3699505612396607
4.570843337811211
4.522187958551457
3.8823230947898577
3.6664645382351067
3.4155839729005173
3.005109863469095
3.3597514867499347
80.6599469264562
20.369603832992127
20.239792096229895
20.322330570225887
20.229847342389824
20.29463362399092
20.350719711292538
20.309864993553838
20.458997841363814
60.97299233532009
20.417465747605085
20.356889865726263
20.443186161023863
20.309957606348192
20.380394271304883
20.427769080063058
20.595544591384275
20.37595357216229
50.33436854787816
45.31900552027544
50.05680303862783
43.9197801978954
20.23743577584432
20.305179613271076
20.321676677740907
20.506939620008797
20.466022140734285
20.37859062822914
41.371517516290865
44.31877688784378
51.380358866242524
44.93330107633306
57.223314483145046
60.123541145105555
54.0013650557591
20.577507229936348
54.208166157240846
47.43875389919348
10.451009230735915
21.065025750503565
0.7928097097716137
1.3640175723342214
1.4869169645120588
1.6498082607644569
20.553830788913466
0.9571931606415314
0.6983291073001201
0.8877332024214155
1.1898349576856277
1.2154001846372373
1.6591910540171078
20.622962466917986
0.7672582896948607
1.0360606075843874
1.408348272502695
1.2876327187973846
1.3014009098602628
20.789646400301667
62.18670197207572
66.6202655538401
0.8294129628307486
93.71315523588903
20.307880730922598
20.469498831339944
20.39557026718703
50.492987474136484
52.80000211779875
54.549190592149785
47.86420871051585
47.45722952523702
47.12088411551302
20.495785620807258
20.27062851350702
20.389221265219497
58.28917313809967
52.195917735078005
20.637809697994737
48.20099341238868
45.91293739868671
44.262232882373354
41.52763130451013
57.76300909598305
48.22090261898856
20.263754297812
20.407005954483004
43.60857358939578
49.8884906134982
20.322860309644746
43.94644576379743
20.22861259745999
20.748432276893464
44.23653440195705
45.232178489071025
57.26524154888428
53.34185609580345
46.28950611913741
45.85291619071148
20.366863562852398
20.177090450470423
20.477645481344776
50.05153790386425
49.216815532063414
52.1304095065578
20.393638939664456
48.57838196150773
63.981086560620405
20.222513800546817
20.391564024968286
20.463869065105484
20.236721452381733
20.286433188064876
20.376848861211446
20.342363407989577
20.40873464344953
2.0137154185172816
5.9546204887468415
4.198959907493076
4.322968424309409
3.77937066441086
70.3268340817009
20.340734489030552
20.363022986315347
20.455760156225757
20.458377385303542
20.571629805921866
20.373248403004148
20.585573362977698
51.015260710647176
20.385151306254222
20.459317068204395
20.48761697141433
20.484462442722702
20.375375271174754
20.308470219752344
20.378320226841353
20.51252409071456
20.357578480831087
20.468476962329365
20.407918101851525
20.407439965974532
20.536088872819725
20.260835949856403
20.365717354207973
20.27472710064007
20.34066033991536
20.368550984889072
20.488795667357184
20.23245857679155
20.290100232661533
20.325465339592004
20.292660152827555
20.269618455280504
20.339300710195698
20.290740058746845
20.30715976814535
20.210682523555565
20.29097433528193
20.411395839090797
20.596371086368777
55.873898288667355
20.233572606903593
20.30893518055836
20.297612641814926
20.35820131086864
20.356692096714724
20.324263446391086
20.176679692600338
20.24882118442782
20.16990489421699
20.25852815562233
20.263089669839946
20.351722710166538
20.29725074289625
20.182642501787516
20.261138832559418
20.369521697681616
20.210538383438593
20.351485325550357
20.48936354168956
20.315405296879202
20.386388501515384
20.219118811353525
20.38242397984716
20.52516553841364
20.227078131143312
20.275777260758705
20.409299516981154
20.178389354856854
20.309652805565317
20.252194224794003
20.336878018557403
20.268052955144263
20.379223616028547
20.284612798715333
20.474758407757434
20.349477618917973
20.281345066720363
20.30351407441586
20.368457048932605
80.70517717432983
3.613568365636192
54.26444061999927
54.18315079775229
5.167917076592094
45.48258225868655
4.9907034482616215
59.982264047300696
59.96658007357652
5.094537976022058
47.262548994410025
4.8152920961532955
51.81514538249325
20.32577087418514
20.400072164699328
20.324254142669936
49.09569805800672
5.1362157091057785
38.45206051463031
6.182362260895568
43.187959964037944
1.128450214055175
2.4426697117182736
58.765863114611726
5.08859603563876
46.1462767412229
4.569632716239864
57.19456731811053
4.900418780520273
65.42898728485301
62.97329678296976
20.317023341174504
20.41782533297576
4.8695797195972865
37.154049462016935
4.616273980656913
54.945339880365054
4.834344435871053
52.35691389416546
4.814382819832188
52.98506333512928
4.436339814498226
54.772190340815996
47.49355201214568
4.918672556988877
60.09754863081559
5.047465799586381
4.913312741701447
5.1829603203713095
1.7131995834732465
5.332440769033996
41.147358805700755
5.1050076824922925
4.970371367345997
52.152830933950206
3.131377563545163
86.9553658153648
4.950951604702947
1.4257049977567886
60.693309642276496
56.05920109102287
2.248368046469113
69.86203631236445
4.858672320445735
1.6403194180125285
54.6367587960593
6.084626254036738
43.148801247911926
5.129879979266848
50.80260233701264
5.0952018764890195
46.2753223620192
4.881454763487565
44.23450314772245
5.136882602127908
95.57290506137412
5.16448765504032
38.05624104238579
4.673589508366863
4.937572443104299
47.13370022453454
5.863898323194656
5.211582821810248
52.91239442990085
43.4376116627939
45.23793181097081
4.454842377272781
75.79679164159998
0.936445293487856
58.56759320997839
5.032887636092493
1.352482757851105
4.016480620567898
64.80549123017656
5.173386676375317
1.1382207848776753
1.3367122855053708
61.4427064709698
43.535186318980635
5.854638585620222
4.167523458322808
1.5512282985973673
78.53238134975182
20.47409408525131
5.977747644230947
4.238525998195142
4.383898405930062
48.65171505305903
20.42541479825912
20.305802729481364
20.34981742209201
20.254815337043283
20.503823776181072
20.328486959054384
20.58686425319619
4.7566067527858
1.398677234565091
76.63227552586007
20.359471464891243
20.35025134376326
20.353426060704344
20.36185017215571
20.272136413508434
20.261242072316417
20.487871985571903
4.731657273439544
47.66923181640025
2.0766162997540643
69.46689645797646
4.957564112909652
47.09512681297759
4.197215081726094
73.56987031803264
4.96216017080123
47.151442612768
4.91338006048232
48.038816540251965
4.922119597804915
52.09796705507071
5.128480503425138
45.23523834190532
50.93463951694163
2.4340100003578464
4.998782192232206
52.97509486878282
4.5998475670526755
4.334267830920592
50.13236264943499
20.361314298860762
20.580883696628682
5.850913423896472
70.11678679432681
55.491445456402495
40.09116461543557
4.602099190430586
48.7445856782963
5.04468346848145
51.13719986547285
43.852932022222724
20.453757879165263
5.891105341497064
71.89969089287445
3.3784235565567204
5.204365021873847
57.85356258737416
6.060267206508984
4.398611387522829
46.93435060300265
20.535088388281185
6.164462103683092
63.92522651404158
20.363083372679124
20.283707598591455
20.401030835622013
20.420473486193647
20.388308506156072
20.297390948785345
20.461759239475985
20.285346510051404
20.43431875827542
20.38685566115327
20.3259869972839
20.287799204547593
20.361139312989874
20.39362776365892
20.352013445321504
20.402886018429605
20.324367528876333
20.313198954668437
20.529981728037605
20.471956194340194
20.427706955915564
20.259023389000603
20.48638642868416
20.544947104543542
20.48086098230559
20.495195310963492
20.29015596382691
20.515590918489508
20.297563375320983
20.287021377159675
20.356808703677753
4.9086418362936515
54.71035662229573
4.64737041670476
83.65293895150086
20.346666165945198
20.534487875053998
3.256555540241046
85.46224494037784
20.351822772952318
20.321670198198603
20.292624993850133
20.346407870832884
20.42252297241449
20.415317388897464
20.318964307050592
20.349352052032472
20.307027216506196
20.52640946366114
20.444392863463904
20.383612789825353
20.447005191289655
20.454680541336742
20.320045162073324
20.53747258633324
20.293719981309057
20.30477466289009
20.383704202507182
20.593335774301746
20.410636008733725
20.28831140711512
20.46251067012647
20.332249537137443
20.416428765981273
20.36780973540456
20.4348864805782
20.427815108291128
20.404018630659515
20.4921634624199
20.32777759885067
20.242871731507144
20.423499294133578
20.361124506085247
20.393856737785896
20.33057558495763
20.259268904294448
20.424057624925393
20.339016796906268
20.2940876309159
20.428083441317437
20.394304819657975
20.454677584244532
20.269222547481725
20.2881860724456
20.27709490368013
20.388289995357365
20.267444143975045
20.362086848241336
20.287235876919574
20.34632207334964
20.272409339856996
20.27739309060607
20.366694723259446
20.266865616899018
20.34678136119959
20.552187553429633
20.306192693736122
20.295644450361525
20.34822785780298
20.366478079226848
20.432443956297362
20.324653161328037
20.22265281042343
20.440496936222434
20.31649120133006
20.370373072627295
20.317799285466872
20.294850224396495
20.286912023709217
20.40919534918088
20.37085413906556
20.41216025272903
20.29903864304085
20.332582381825382
20.410528787077773
20.51534012011912
20.32065673261019
20.436652352111615
20.317543234605534
20.342137247885933
20.429730281900877
20.419344183809716
20.28947193078398
20.437037663137776
20.372769539377988
20.410705333997097
20.367179346177554
20.4195824961098
20.47633225801335
20.229709115129378
20.263265260030543
20.31958031979809
20.431678423013945
20.306320156203753
20.319974279695675
20.317974018772816
20.383617824686432
20.39036559708204
20.511725560163057
20.361869555329648
20.275725057705213
20.271362259252147
20.314065163370444
20.229970197488434
20.377381350819736
20.34769758343666
20.24972985317146
20.44796280229412
20.349622069711074
20.446805159298766
20.355313279415505
20.415271665050927
20.254076737312865
20.370798363366035
20.281739272719026
20.397221189384805
20.334725922695764
20.28470179672987
20.321479522423267
20.470574561822595
20.46031193594655
20.225377430383926
20.401903372647404
20.331205838484607
20.25761174433332
20.330178605321404
20.410343263460977
20.264302355873976
20.435824863401756
20.282914568615702
20.34252554399374
20.358027463513416
20.38196689591581
20.29458704507582
20.39365877326356
20.244200075665816
20.322839909074247
20.373057161196403
20.42030499962831
20.31380792859148
20.453362736623646
20.313811959612412
20.313774907944442
20.37415511198086
20.2701700101532
20.367194982349243
20.39333949496073
20.34410049934189
20.334657236603913
20.191911501974143
20.31879255124562
20.430398598133618
20.28268209958422
20.449058721986276
20.28602916749567
20.304338644664124
20.31091362954603
20.402445307476842
20.346603299851616
20.478042239163706
20.326013005056893
20.244321114553536
20.259282623348298
20.390140153440136
20.398535794484932
20.248806369145868
20.37745779820068
20.392416927388282
20.362331476841682
20.387647627465668
20.480123287697175
20.257816173689402
20.505311493490215
20.476797527093417
20.46586244788737
20.520162385643193
20.55197738142456
20.311828407973415
20.29907457828577
20.18493819456538
20.39037724360433
20.2844251906353
20.344502780213254
20.22628070735774
20.324996769699784
20.3467281097039
20.325090084164586
20.374004309031235
20.37537599135579
20.35101086194228
20.239045313293662
20.413566418897723
20.3541752018518
20.26031254017641
20.283900198726045
20.408020426719553
20.461957220736846
20.33821357912207
20.37566783126945
20.343270421755353
20.397213996444908
20.371667723481696
20.358814256084912
20.50443415955353
20.47498764720058
20.48404786623344
20.38351955608091
20.47475001616047
20.467111579058955
20.60511325274673
20.562475948025785
20.46129796942603
20.402901027203395
20.428119553862672
20.2589536580238
20.272818799810413
20.286584022088878
20.405951038938476
20.393063743072876
20.35929143542619
20.268859930267478
20.273358444363602
20.28441143548882
20.304031360526423
20.361470107182292
20.592689296184716
20.28877978518368
20.55016574546984
231.00298592427882
20.342083655240454
20.40631212017194
20.72139545774199
20.476144092073167
20.307603956470846
20.290656146706972
20.432808340169842
20.457959397362483
20.403258237241026
20.63874894373854
5.199802568699948
1.3183831432788713
3.9340126146958156
2.6989249263184036
2.657192836776011
138.46242457597833
20.457543729213562
20.234278507820395
20.527027504810448
20.380380196975498
20.67396425606694
4.89022686880042
89.9323780268497
20.36842113480497
20.391834486280416
20.334446690812797
20.332388872064175
20.351902925514608
20.23157019103882
20.423769553708567
20.423021022614694
20.437200471858365
20.46604428828934
20.2230269911393
20.29664977176682
20.29462338599584
20.3438799759003
20.485223173088073
20.475623683528966
20.2888579113336
20.364778845784173
20.180366631983137
20.325278241550684
20.47827665687563
20.252811267672456
20.447689486155248
20.39690486454466
20.343788608113154
20.268143663802867
20.34036320775984
20.26864157992253
20.388496038347327
20.29398739992026
20.29573473542754
20.26600946989499
20.281461835757124
20.31276388315926
20.31247709099751
20.300996860254067
20.438300536834276
20.313280234174794
20.382440873877698
20.3523382019796
20.523927070908734
20.595535522227657
20.35257702334546
20.387655020104614
20.310320982925173
20.51376859660116
20.364983032037067
20.402942260592475
20.558908947045918
20.401039768434394
20.284908803789712
20.345168649102412
20.419379304771226
20.27002236494182
20.325866750122955
20.455474479126924
20.324870200590652
20.50448118508854
20.25732282609024
20.41570474300861
20.268513960978364
20.396865711269804
20.441679502894196
20.32845723119262
20.404394669791387
20.32653530434627
20.396921114438676
20.322160078669153
20.38707604148418
20.2658149572069
20.408888343454233
20.415901374338656
20.377127154948454
20.264816775483407
20.402790458359185
20.568854539769656
20.402036258281644
20.449747363374033
20.48097183274179
20.59656584263353
20.293235917338635
20.339894214340237
20.50175612724336
20.5154921020458
20.37915158533663
20.2817243997547
20.20100223574524
20.309913342374873
20.378798134286967
20.326080159256534
20.189432764653372
20.472923133584082
20.507446783668563
20.32909256185988
20.297372843437174
20.53718019782609
20.36050756615088
20.492505404964806
20.353579628804052
20.350919040391357
20.5641090582278
20.28697585606015
20.32262600044609
20.221342153980206
20.5018129958496
20.334260222785954
20.38885074290855
20.413693538000185
20.249355490214114
20.323659246985894
20.334930748722126
20.315525045246535
20.213018828940122
20.38242749244276
20.322335448045386
20.24463270707804
20.286614038234475
20.39396011313903
20.45380969307197
20.194181669325303
20.279753691617596
20.29403532167373
20.339621703261567
20.45544792690407
20.242334558940257
20.308014220815085
20.372982652196946
20.2213981693497
20.31565151283121
20.262773684934622
20.239654125461126
20.382015375006343
20.321033340379465
20.53784435638173
20.581913217411927
20.399377524187212
20.364085373897204
20.383363619766843
20.559443894841436
20.24202977560611
20.40952835737184
20.363543319565075
20.390400005141107
20.42057959673137
20.545582517175383
20.415103723726606
20.299517385472654
20.479380592623517
20.255883426290147
20.352433210305044
20.25210878439226
20.423857053826733
20.305787395341916
20.26283302488004
20.19062414922422
20.339025204557686
20.466658023354373
20.24483288976226
20.44297949725567
20.335284454587786
20.206054623741696
20.334572164482054
20.304106103065585
20.45178536617168
20.272974316187316
20.362316280795728
20.3452625043182
20.41358842746309
0.8570645187416068
378.9269900965119
20.326557927524476
20.703322210233722
20.426490904137573
20.567212335461193
20.48769859403396
20.356540925296343
20.360883820489704
20.362835023716066
20.387770395594387
20.382748342776996
20.35224304598642
20.389710516530428
20.453734460329052
20.396106316008627
20.24359389588268
20.221716181933893
20.409406827700465
20.40836793653149
20.35610276656594
20.53905193214499
20.16440188443982
20.331198994750117
20.272597802109427
20.433600087580835
20.366137961598355
20.39258349641178
20.365435625609752
20.49992425871478
20.362750082270434
20.225865747001617
20.387118578272283
20.472875811890624
20.32256357222768
20.334649261624126
20.48945218628655
20.37206987206475
20.187181673671866
20.22084114243524
20.171339992231974
20.403681997742993
20.25578375482626
20.224175964074874
20.298391117283465
20.33626573230047
20.486903301156804
20.191030457985182
20.332588436094248
20.20973247651136
20.416462112776813
20.250516890509846
20.329590031886205
20.38105562759566
20.316259522880983
20.29551290612107
20.25414556821742
20.255571896948187
20.37477326605409
20.28135967411654
20.289244852684607
20.40342522530395
20.447546323383023
20.40200751115983
20.3078343547249
20.427317354606867
20.439758506693813
20.579847543452743
20.215268779085378
20.325014533362264
20.274130999274348
20.249892488933547
20.376852026338074
20.38827142112343
20.259568557064817
201.68129211632333
20.44140907213606
20.305621504313024
20.292859019111127
20.458634015361085
20.213491613542686
20.28767642287667
20.443428938691355
20.20649634724654
20.299037407726118
20.440067456810645
20.198666545276875
20.513695085072122
20.255780810440292
80.95288341545809
51.08551404531613
41.099035520080065
59.201615942190244
54.8528817180202
20.565436509597994
20.348442154331202
11.915448409699655
55.349362662755176
20.29187047953803
20.368945238164525
20.419862051147547
44.16528957728766
44.08694216411895
41.1236261608469
49.17791134758809
44.59482140379588
42.02296453080862
41.09759898790727
56.12036970675932
42.99688941825032
58.551622723503684
39.43364903975917
64.81058789682096
58.418154632718704
53.016809417145055
53.231852573467734
47.47780723015386
44.06117205489519
52.12794076324556
41.17032821135859
48.27558323935672
44.06474566989531
47.997634736756375
46.3204353877269
50.50502619758448
47.3479196487949
49.2940240466263
49.209971342173986
50.32815124233691
54.619201862822116
56.42280551686337
59.21163907349123
44.10084005218832
49.510362788179656
47.084196950112535
49.17314474192326
46.12384795972025
49.995667632605084
54.982811253790594
20.250234413597862
20.295786057843024
20.406626758255552
20.303785049028917
